r,t,y,TotalTechnologyAnnualActivity
REGION1,DEMAGRCOA,2016,0.079
REGION1,DEMAGRCOA,2017,0.085
REGION1,DEMAGRCOA,2018,0.091
REGION1,DEMAGRCOA,2019,0.096
REGION1,DEMAGRCOA,2020,0.106
REGION1,DEMAGRCOA,2021,0.115
REGION1,DEMAGRCOA,2022,0.125
REGION1,DEMAGRCOA,2023,0.134
REGION1,DEMAGRCOA,2024,0.144
REGION1,DEMAGRCOA,2025,0.153
REGION1,DEMAGRCOA,2026,0.163
REGION1,DEMAGRCOA,2027,0.172
REGION1,DEMAGRCOA,2028,0.182
REGION1,DEMAGRCOA,2029,0.191
REGION1,DEMAGRCOA,2030,0.199
REGION1,DEMAGRDSL,2016,14.448
REGION1,DEMAGRDSL,2017,15.504
REGION1,DEMAGRDSL,2018,16.56
REGION1,DEMAGRDSL,2019,17.616
REGION1,DEMAGRDSL,2020,19.348
REGION1,DEMAGRDSL,2021,21.079
REGION1,DEMAGRDSL,2022,22.81
REGION1,DEMAGRDSL,2023,24.541
REGION1,DEMAGRDSL,2024,26.271
REGION1,DEMAGRDSL,2025,28.001
REGION1,DEMAGRDSL,2026,29.731
REGION1,DEMAGRDSL,2027,31.46
REGION1,DEMAGRDSL,2028,33.189
REGION1,DEMAGRDSL,2029,34.918
REGION1,DEMAGRDSL,2030,36.431
REGION1,DEMAGRELCC02,2016,0.8564
REGION1,DEMAGRELCC02,2017,0.919
REGION1,DEMAGRELCC02,2018,0.9816
REGION1,DEMAGRELCC02,2019,1.0442
REGION1,DEMAGRELCC02,2020,1.1468
REGION1,DEMAGRELCC02,2021,1.2495
REGION1,DEMAGRELCC02,2022,1.3521
REGION1,DEMAGRELCC02,2023,1.4547
REGION1,DEMAGRELCC02,2024,1.5572
REGION1,DEMAGRELCC02,2025,1.6598
REGION1,DEMAGRELCC02,2026,1.7623
REGION1,DEMAGRELCC02,2027,1.8648
REGION1,DEMAGRELCC02,2028,1.9673
REGION1,DEMAGRELCC02,2029,2.0698
REGION1,DEMAGRELCC02,2030,2.1594
REGION1,DEMAGRELCN02,2016,3.7844
REGION1,DEMAGRELCN02,2017,4.0611
REGION1,DEMAGRELCN02,2018,4.3377
REGION1,DEMAGRELCN02,2019,4.6142
REGION1,DEMAGRELCN02,2020,5.0678
REGION1,DEMAGRELCN02,2021,5.5213
REGION1,DEMAGRELCN02,2022,5.9747
REGION1,DEMAGRELCN02,2023,6.4281
REGION1,DEMAGRELCN02,2024,6.8813
REGION1,DEMAGRELCN02,2025,7.3344
REGION1,DEMAGRELCN02,2026,7.7874
REGION1,DEMAGRELCN02,2027,8.2404
REGION1,DEMAGRELCN02,2028,8.6933
REGION1,DEMAGRELCN02,2029,9.1461
REGION1,DEMAGRELCN02,2030,9.5423
REGION1,DEMAGRELCS02,2016,4.6292
REGION1,DEMAGRELCS02,2017,4.9677
REGION1,DEMAGRELCS02,2018,5.306
REGION1,DEMAGRELCS02,2019,5.6442
REGION1,DEMAGRELCS02,2020,6.1992
REGION1,DEMAGRELCS02,2021,6.7539
REGION1,DEMAGRELCS02,2022,7.3086
REGION1,DEMAGRELCS02,2023,7.8631
REGION1,DEMAGRELCS02,2024,8.4175
REGION1,DEMAGRELCS02,2025,8.9717
REGION1,DEMAGRELCS02,2026,9.5259
REGION1,DEMAGRELCS02,2027,10.08
REGION1,DEMAGRELCS02,2028,10.634
REGION1,DEMAGRELCS02,2029,11.1879
REGION1,DEMAGRELCS02,2030,11.6725
REGION1,DEMAGRGSL,2016,5.848
REGION1,DEMAGRGSL,2017,6.275
REGION1,DEMAGRGSL,2018,6.703
REGION1,DEMAGRGSL,2019,7.13
REGION1,DEMAGRGSL,2020,7.831
REGION1,DEMAGRGSL,2021,8.532
REGION1,DEMAGRGSL,2022,9.232
REGION1,DEMAGRGSL,2023,9.933
REGION1,DEMAGRGSL,2024,10.633
REGION1,DEMAGRGSL,2025,11.333
REGION1,DEMAGRGSL,2026,12.033
REGION1,DEMAGRGSL,2027,12.733
REGION1,DEMAGRGSL,2028,13.433
REGION1,DEMAGRGSL,2029,14.133
REGION1,DEMAGRGSL,2030,14.745
REGION1,DEMAGRSURMRD,2016,4.2129
REGION1,DEMAGRSURMRD,2017,4.3546
REGION1,DEMAGRSURMRD,2018,4.5402
REGION1,DEMAGRSURMRD,2019,4.7243
REGION1,DEMAGRSURMRD,2020,5.0105
REGION1,DEMAGRSURMRD,2021,5.3599
REGION1,DEMAGRSURMRD,2022,5.5411
REGION1,DEMAGRSURMRD,2023,5.6248
REGION1,DEMAGRSURMRD,2024,5.7961
REGION1,DEMAGRSURMRD,2025,5.9292
REGION1,DEMAGRSURMRD,2026,6.0869
REGION1,DEMAGRSURMRD,2027,6.2336
REGION1,DEMAGRSURMRD,2028,6.3493
REGION1,DEMAGRSURMRD,2029,6.5183
REGION1,DEMAGRSURMRD,2030,6.6129
REGION1,DEMAGRSURNOC,2016,1.8088
REGION1,DEMAGRSURNOC,2017,1.9571
REGION1,DEMAGRSURNOC,2018,2.0547
REGION1,DEMAGRSURNOC,2019,2.2403
REGION1,DEMAGRSURNOC,2020,2.4418
REGION1,DEMAGRSURNOC,2021,2.5916
REGION1,DEMAGRSURNOC,2022,2.7722
REGION1,DEMAGRSURNOC,2023,2.9708
REGION1,DEMAGRSURNOC,2024,3.1719
REGION1,DEMAGRSURNOC,2025,3.3405
REGION1,DEMAGRSURNOC,2026,3.5069
REGION1,DEMAGRSURNOC,2027,3.6477
REGION1,DEMAGRSURNOC,2028,3.7576
REGION1,DEMAGRSURNOC,2029,3.8412
REGION1,DEMAGRSURNOC,2030,3.9091
REGION1,DEMAGRSURNOE,2016,0.1644
REGION1,DEMAGRSURNOE,2017,0.1812
REGION1,DEMAGRSURNOE,2018,0.1608
REGION1,DEMAGRSURNOE,2019,0.1568
REGION1,DEMAGRSURNOE,2020,0.1614
REGION1,DEMAGRSURNOE,2021,0.158
REGION1,DEMAGRSURNOE,2022,0.1531
REGION1,DEMAGRSURNOE,2023,0.1495
REGION1,DEMAGRSURNOE,2024,0.1353
REGION1,DEMAGRSURNOE,2025,0.1282
REGION1,DEMAGRSURNOE,2026,0.1144
REGION1,DEMAGRSURNOE,2027,0.1037
REGION1,DEMAGRSURNOE,2028,0.0935
REGION1,DEMAGRSURNOE,2029,0.0845
REGION1,DEMAGRSURNOE,2030,0.0765
REGION1,DEMAGRSURNOW,2016,0.509
REGION1,DEMAGRSURNOW,2017,0.5869
REGION1,DEMAGRSURNOW,2018,0.6661
REGION1,DEMAGRSURNOW,2019,0.6678
REGION1,DEMAGRSURNOW,2020,0.659
REGION1,DEMAGRSURNOW,2021,0.6487
REGION1,DEMAGRSURNOW,2022,0.6322
REGION1,DEMAGRSURNOW,2023,0.6029
REGION1,DEMAGRSURNOW,2024,0.5789
REGION1,DEMAGRSURNOW,2025,0.553
REGION1,DEMAGRSURNOW,2026,0.5344
REGION1,DEMAGRSURNOW,2027,0.5262
REGION1,DEMAGRSURNOW,2028,0.5281
REGION1,DEMAGRSURNOW,2029,0.4879
REGION1,DEMAGRSURNOW,2030,0.457
REGION1,DEMAGRSURRRD,2016,0.2006
REGION1,DEMAGRSURRRD,2017,0.1889
REGION1,DEMAGRSURRRD,2018,0.1785
REGION1,DEMAGRSURRRD,2019,0.1681
REGION1,DEMAGRSURRRD,2020,0.158
REGION1,DEMAGRSURRRD,2021,0.1481
REGION1,DEMAGRSURRRD,2022,0.1392
REGION1,DEMAGRSURRRD,2023,0.1287
REGION1,DEMAGRSURRRD,2024,0.1179
REGION1,DEMAGRSURRRD,2025,0.1031
REGION1,DEMAGRSURRRD,2026,0.0877
REGION1,DEMAGRSURRRD,2027,0.0783
REGION1,DEMAGRSURRRD,2028,0.0729
REGION1,DEMAGRSURRRD,2029,0.0699
REGION1,DEMAGRSURRRD,2030,0.0615
REGION1,DEMAGRSURSOC,2016,5.2975
REGION1,DEMAGRSURSOC,2017,5.9645
REGION1,DEMAGRSURSOC,2018,6.3801
REGION1,DEMAGRSURSOC,2019,6.7509
REGION1,DEMAGRSURSOC,2020,7.4929
REGION1,DEMAGRSURSOC,2021,8.148
REGION1,DEMAGRSURSOC,2022,8.7763
REGION1,DEMAGRSURSOC,2023,9.4773
REGION1,DEMAGRSURSOC,2024,10.136
REGION1,DEMAGRSURSOC,2025,10.8565
REGION1,DEMAGRSURSOC,2026,11.5044
REGION1,DEMAGRSURSOC,2027,12.2468
REGION1,DEMAGRSURSOC,2028,12.9525
REGION1,DEMAGRSURSOC,2029,13.6154
REGION1,DEMAGRSURSOC,2030,14.2108
REGION1,DEMAGRSURSOE,2016,5.1719
REGION1,DEMAGRSURSOE,2017,5.3355
REGION1,DEMAGRSURSOE,2018,5.6346
REGION1,DEMAGRSURSOE,2019,6.0323
REGION1,DEMAGRSURSOE,2020,6.4805
REGION1,DEMAGRSURSOE,2021,6.8124
REGION1,DEMAGRSURSOE,2022,7.2044
REGION1,DEMAGRSURSOE,2023,7.5806
REGION1,DEMAGRSURSOE,2024,8.0318
REGION1,DEMAGRSURSOE,2025,8.4636
REGION1,DEMAGRSURSOE,2026,8.8722
REGION1,DEMAGRSURSOE,2027,9.2486
REGION1,DEMAGRSURSOE,2028,9.6012
REGION1,DEMAGRSURSOE,2029,9.94
REGION1,DEMAGRSURSOE,2030,10.256
REGION1,DEMCOMBIO,2016,0.132
REGION1,DEMCOMBIO,2017,0.142
REGION1,DEMCOMBIO,2018,0.151
REGION1,DEMCOMBIO,2019,0.161
REGION1,DEMCOMBIO,2020,0.177
REGION1,DEMCOMBIO,2021,0.193
REGION1,DEMCOMBIO,2022,0.208
REGION1,DEMCOMBIO,2023,0.224
REGION1,DEMCOMBIO,2024,0.24
REGION1,DEMCOMBIO,2025,0.256
REGION1,DEMCOMBIO,2026,0.272
REGION1,DEMCOMBIO,2027,0.287
REGION1,DEMCOMBIO,2028,0.303
REGION1,DEMCOMBIO,2029,0.319
REGION1,DEMCOMBIO,2030,0.333
REGION1,DEMCOMCOA,2016,1.731
REGION1,DEMCOMCOA,2017,1.858
REGION1,DEMCOMCOA,2018,1.985
REGION1,DEMCOMCOA,2019,2.111
REGION1,DEMCOMCOA,2020,2.319
REGION1,DEMCOMCOA,2021,2.526
REGION1,DEMCOMCOA,2022,2.734
REGION1,DEMCOMCOA,2023,2.941
REGION1,DEMCOMCOA,2024,3.148
REGION1,DEMCOMCOA,2025,3.356
REGION1,DEMCOMCOA,2026,3.563
REGION1,DEMCOMCOA,2027,3.77
REGION1,DEMCOMCOA,2028,3.977
REGION1,DEMCOMCOA,2029,4.185
REGION1,DEMCOMCOA,2030,4.366
REGION1,DEMCOMDSL,2016,17.415
REGION1,DEMCOMDSL,2017,18.688
REGION1,DEMCOMDSL,2018,19.961
REGION1,DEMCOMDSL,2019,21.233
REGION1,DEMCOMDSL,2020,23.321
REGION1,DEMCOMDSL,2021,25.408
REGION1,DEMCOMDSL,2022,27.495
REGION1,DEMCOMDSL,2023,29.581
REGION1,DEMCOMDSL,2024,31.666
REGION1,DEMCOMDSL,2025,33.751
REGION1,DEMCOMDSL,2026,35.836
REGION1,DEMCOMDSL,2027,37.921
REGION1,DEMCOMDSL,2028,40.005
REGION1,DEMCOMDSL,2029,42.089
REGION1,DEMCOMDSL,2030,43.912
REGION1,DEMCOMELCC02,2016,5.0423
REGION1,DEMCOMELCC02,2017,5.2466
REGION1,DEMCOMELCC02,2018,5.4459
REGION1,DEMCOMELCC02,2019,5.6408
REGION1,DEMCOMELCC02,2020,5.9279
REGION1,DEMCOMELCC02,2021,6.2035
REGION1,DEMCOMELCC02,2022,6.4689
REGION1,DEMCOMELCC02,2023,6.7255
REGION1,DEMCOMELCC02,2024,6.9741
REGION1,DEMCOMELCC02,2025,7.2157
REGION1,DEMCOMELCC02,2026,7.4509
REGION1,DEMCOMELCC02,2027,7.6803
REGION1,DEMCOMELCC02,2028,7.9044
REGION1,DEMCOMELCC02,2029,8.1236
REGION1,DEMCOMELCC02,2030,8.3015
REGION1,DEMCOMELCN02,2016,22.2816
REGION1,DEMCOMELCN02,2017,23.1845
REGION1,DEMCOMELCN02,2018,24.0652
REGION1,DEMCOMELCN02,2019,24.9261
REGION1,DEMCOMELCN02,2020,26.1949
REGION1,DEMCOMELCN02,2021,27.4126
REGION1,DEMCOMELCN02,2022,28.5856
REGION1,DEMCOMELCN02,2023,29.7194
REGION1,DEMCOMELCN02,2024,30.8182
REGION1,DEMCOMELCN02,2025,31.8857
REGION1,DEMCOMELCN02,2026,32.925
REGION1,DEMCOMELCN02,2027,33.9386
REGION1,DEMCOMELCN02,2028,34.9288
REGION1,DEMCOMELCN02,2029,35.8976
REGION1,DEMCOMELCN02,2030,36.6839
REGION1,DEMCOMELCS02,2016,27.2557
REGION1,DEMCOMELCS02,2017,28.3602
REGION1,DEMCOMELCS02,2018,29.4375
REGION1,DEMCOMELCS02,2019,30.4906
REGION1,DEMCOMELCS02,2020,32.0427
REGION1,DEMCOMELCS02,2021,33.5322
REGION1,DEMCOMELCS02,2022,34.9671
REGION1,DEMCOMELCS02,2023,36.354
REGION1,DEMCOMELCS02,2024,37.6981
REGION1,DEMCOMELCS02,2025,39.0039
REGION1,DEMCOMELCS02,2026,40.2752
REGION1,DEMCOMELCS02,2027,41.5151
REGION1,DEMCOMELCS02,2028,42.7264
REGION1,DEMCOMELCS02,2029,43.9115
REGION1,DEMCOMELCS02,2030,44.8732
REGION1,DEMCOMKER,2016,0.35
REGION1,DEMCOMKER,2017,0.376
REGION1,DEMCOMKER,2018,0.402
REGION1,DEMCOMKER,2019,0.427
REGION1,DEMCOMKER,2020,0.469
REGION1,DEMCOMKER,2021,0.511
REGION1,DEMCOMKER,2022,0.553
REGION1,DEMCOMKER,2023,0.595
REGION1,DEMCOMKER,2024,0.637
REGION1,DEMCOMKER,2025,0.679
REGION1,DEMCOMKER,2026,0.721
REGION1,DEMCOMKER,2027,0.763
REGION1,DEMCOMKER,2028,0.805
REGION1,DEMCOMKER,2029,0.847
REGION1,DEMCOMKER,2030,0.884
REGION1,DEMCOMLPG,2016,26.11
REGION1,DEMCOMLPG,2017,28.019
REGION1,DEMCOMLPG,2018,29.927
REGION1,DEMCOMLPG,2019,31.834
REGION1,DEMCOMLPG,2020,34.964
REGION1,DEMCOMLPG,2021,38.093
REGION1,DEMCOMLPG,2022,41.222
REGION1,DEMCOMLPG,2023,44.349
REGION1,DEMCOMLPG,2024,47.476
REGION1,DEMCOMLPG,2025,50.602
REGION1,DEMCOMLPG,2026,53.728
REGION1,DEMCOMLPG,2027,56.853
REGION1,DEMCOMLPG,2028,59.978
REGION1,DEMCOMLPG,2029,63.102
REGION1,DEMCOMLPG,2030,65.835
REGION1,DEMINDBIO,2016,115.367
REGION1,DEMINDBIO,2017,123.802
REGION1,DEMINDBIO,2018,132.234
REGION1,DEMINDBIO,2019,140.663
REGION1,DEMINDBIO,2020,154.492
REGION1,DEMINDBIO,2021,168.318
REGION1,DEMINDBIO,2022,182.14
REGION1,DEMINDBIO,2023,195.959
REGION1,DEMINDBIO,2024,209.776
REGION1,DEMINDBIO,2025,223.589
REGION1,DEMINDBIO,2026,237.4
REGION1,DEMINDBIO,2027,251.209
REGION1,DEMINDBIO,2028,265.016
REGION1,DEMINDBIO,2029,278.82
REGION1,DEMINDBIO,2030,290.897
REGION1,DEMINDCOA,2016,57.85
REGION1,DEMINDCOA,2017,60.194
REGION1,DEMINDCOA,2018,62.481
REGION1,DEMINDCOA,2019,64.716
REGION1,DEMINDCOA,2020,68.01
REGION1,DEMINDCOA,2021,71.172
REGION1,DEMINDCOA,2022,74.217
REGION1,DEMINDCOA,2023,77.161
REGION1,DEMINDCOA,2024,80.014
REGION1,DEMINDCOA,2025,82.785
REGION1,DEMINDCOA,2026,85.483
REGION1,DEMINDCOA,2027,88.115
REGION1,DEMINDCOA,2028,90.686
REGION1,DEMINDCOA,2029,93.201
REGION1,DEMINDCOA,2030,95.243
REGION1,DEMINDDSL,2016,56.158
REGION1,DEMINDDSL,2017,58.434
REGION1,DEMINDDSL,2018,60.653
REGION1,DEMINDDSL,2019,62.823
REGION1,DEMINDDSL,2020,66.021
REGION1,DEMINDDSL,2021,69.09
REGION1,DEMINDDSL,2022,72.047
REGION1,DEMINDDSL,2023,74.904
REGION1,DEMINDDSL,2024,77.674
REGION1,DEMINDDSL,2025,80.364
REGION1,DEMINDDSL,2026,82.983
REGION1,DEMINDDSL,2027,85.538
REGION1,DEMINDDSL,2028,88.034
REGION1,DEMINDDSL,2029,90.476
REGION1,DEMINDDSL,2030,92.457
REGION1,DEMINDELCC02,2016,28.3575
REGION1,DEMINDELCC02,2017,30.4308
REGION1,DEMINDELCC02,2018,32.5033
REGION1,DEMINDELCC02,2019,34.5752
REGION1,DEMINDELCC02,2020,37.9745
REGION1,DEMINDELCC02,2021,41.3729
REGION1,DEMINDELCC02,2022,44.7705
REGION1,DEMINDELCC02,2023,48.1673
REGION1,DEMINDELCC02,2024,51.5633
REGION1,DEMINDELCC02,2025,54.9587
REGION1,DEMINDELCC02,2026,58.3535
REGION1,DEMINDELCC02,2027,61.7477
REGION1,DEMINDELCC02,2028,65.1414
REGION1,DEMINDELCC02,2029,68.5347
REGION1,DEMINDELCC02,2030,71.5032
REGION1,DEMINDELCN02,2016,125.3093
REGION1,DEMINDELCN02,2017,134.4712
REGION1,DEMINDELCN02,2018,143.6296
REGION1,DEMINDELCN02,2019,152.785
REGION1,DEMINDELCN02,2020,167.8064
REGION1,DEMINDELCN02,2021,182.8237
REGION1,DEMINDELCN02,2022,197.8372
REGION1,DEMINDELCN02,2023,212.8472
REGION1,DEMINDELCN02,2024,227.8541
REGION1,DEMINDELCN02,2025,242.8581
REGION1,DEMINDELCN02,2026,257.8594
REGION1,DEMINDELCN02,2027,272.8583
REGION1,DEMINDELCN02,2028,287.8548
REGION1,DEMINDELCN02,2029,302.8491
REGION1,DEMINDELCN02,2030,315.9666
REGION1,DEMINDELCS02,2016,153.2836
REGION1,DEMINDELCS02,2017,164.4908
REGION1,DEMINDELCS02,2018,175.6937
REGION1,DEMINDELCS02,2019,186.893
REGION1,DEMINDELCS02,2020,205.2678
REGION1,DEMINDELCS02,2021,223.6376
REGION1,DEMINDELCS02,2022,242.0027
REGION1,DEMINDELCS02,2023,260.3636
REGION1,DEMINDELCS02,2024,278.7206
REGION1,DEMINDELCS02,2025,297.0741
REGION1,DEMINDELCS02,2026,315.4244
REGION1,DEMINDELCS02,2027,333.7716
REGION1,DEMINDELCS02,2028,352.1159
REGION1,DEMINDELCS02,2029,370.4576
REGION1,DEMINDELCS02,2030,386.5035
REGION1,DEMINDHFO,2016,15.312
REGION1,DEMINDHFO,2017,16.431
REGION1,DEMINDHFO,2018,17.55
REGION1,DEMINDHFO,2019,18.669
REGION1,DEMINDHFO,2020,20.504
REGION1,DEMINDHFO,2021,22.339
REGION1,DEMINDHFO,2022,24.174
REGION1,DEMINDHFO,2023,26.008
REGION1,DEMINDHFO,2024,27.842
REGION1,DEMINDHFO,2025,29.675
REGION1,DEMINDHFO,2026,31.508
REGION1,DEMINDHFO,2027,33.341
REGION1,DEMINDHFO,2028,35.173
REGION1,DEMINDHFO,2029,37.005
REGION1,DEMINDHFO,2030,38.608
REGION1,DEMINDKER,2016,0.964
REGION1,DEMINDKER,2017,1.003
REGION1,DEMINDKER,2018,1.041
REGION1,DEMINDKER,2019,1.078
REGION1,DEMINDKER,2020,1.133
REGION1,DEMINDKER,2021,1.185
REGION1,DEMINDKER,2022,1.236
REGION1,DEMINDKER,2023,1.285
REGION1,DEMINDKER,2024,1.333
REGION1,DEMINDKER,2025,1.379
REGION1,DEMINDKER,2026,1.424
REGION1,DEMINDKER,2027,1.468
REGION1,DEMINDKER,2028,1.511
REGION1,DEMINDKER,2029,1.552
REGION1,DEMINDKER,2030,1.586
REGION1,DEMINDLPG,2016,13.244
REGION1,DEMINDLPG,2017,13.781
REGION1,DEMINDLPG,2018,14.304
REGION1,DEMINDLPG,2019,14.816
REGION1,DEMINDLPG,2020,15.57
REGION1,DEMINDLPG,2021,16.294
REGION1,DEMINDLPG,2022,16.991
REGION1,DEMINDLPG,2023,17.665
REGION1,DEMINDLPG,2024,18.318
REGION1,DEMINDLPG,2025,18.953
REGION1,DEMINDLPG,2026,19.57
REGION1,DEMINDLPG,2027,20.173
REGION1,DEMINDLPG,2028,20.761
REGION1,DEMINDLPG,2029,21.337
REGION1,DEMINDLPG,2030,21.805
REGION1,DEMINDNGS,2016,74.385
REGION1,DEMINDNGS,2017,79.824
REGION1,DEMINDNGS,2018,85.26
REGION1,DEMINDNGS,2019,90.695
REGION1,DEMINDNGS,2020,99.612
REGION1,DEMINDNGS,2021,108.526
REGION1,DEMINDNGS,2022,117.438
REGION1,DEMINDNGS,2023,126.348
REGION1,DEMINDNGS,2024,135.257
REGION1,DEMINDNGS,2025,144.163
REGION1,DEMINDNGS,2026,153.068
REGION1,DEMINDNGS,2027,161.972
REGION1,DEMINDNGS,2028,170.874
REGION1,DEMINDNGS,2029,179.775
REGION1,DEMINDNGS,2030,187.561
REGION1,DEMOTHOHC,2016,148.981
REGION1,DEMOTHOHC,2017,159.874
REGION1,DEMOTHOHC,2018,170.762
REGION1,DEMOTHOHC,2019,181.647
REGION1,DEMOTHOHC,2020,199.506
REGION1,DEMOTHOHC,2021,217.36
REGION1,DEMOTHOHC,2022,235.21
REGION1,DEMOTHOHC,2023,253.056
REGION1,DEMOTHOHC,2024,270.897
REGION1,DEMOTHOHC,2025,288.736
REGION1,DEMOTHOHC,2026,306.571
REGION1,DEMOTHOHC,2027,324.403
REGION1,DEMOTHOHC,2028,342.233
REGION1,DEMOTHOHC,2029,360.06
REGION1,DEMOTHOHC,2030,375.655
REGION1,DEMPWRBIO,2016,1.7029
REGION1,DEMPWRBIO,2017,3.933
REGION1,DEMPWRBIO,2018,7.3794
REGION1,DEMPWRBIO,2019,7.3794
REGION1,DEMPWRBIO,2020,7.3794
REGION1,DEMPWRBIO,2021,7.3794
REGION1,DEMPWRBIO,2022,7.3794
REGION1,DEMPWRBIO,2023,7.3794
REGION1,DEMPWRBIO,2024,7.3794
REGION1,DEMPWRBIO,2025,7.3794
REGION1,DEMPWRBIO,2026,7.3794
REGION1,DEMPWRBIO,2027,7.3794
REGION1,DEMPWRBIO,2028,6.8929
REGION1,DEMPWRBIO,2029,6.8929
REGION1,DEMPWRBIO,2030,6.8929
REGION1,DEMPWRCOA,2016,550.7618
REGION1,DEMPWRCOA,2017,671.684
REGION1,DEMPWRCOA,2018,732.7461
REGION1,DEMPWRCOA,2019,756.83
REGION1,DEMPWRCOA,2020,841.3989
REGION1,DEMPWRCOA,2021,1048.9577
REGION1,DEMPWRCOA,2022,1256.1176
REGION1,DEMPWRCOA,2023,1451.5665
REGION1,DEMPWRCOA,2024,1430.8328
REGION1,DEMPWRCOA,2025,1410.1275
REGION1,DEMPWRCOA,2026,1389.4479
REGION1,DEMPWRCOA,2027,1368.7918
REGION1,DEMPWRCOA,2028,1348.1572
REGION1,DEMPWRCOA,2029,1339.13
REGION1,DEMPWRCOA,2030,1356.8898
REGION1,DEMPWRDSL,2029,0.5235
REGION1,DEMPWRDSL,2030,2.1383
REGION1,DEMPWRHYD,2016,229.1056
REGION1,DEMPWRHYD,2017,234.5465
REGION1,DEMPWRHYD,2018,240.8814
REGION1,DEMPWRHYD,2019,246.8971
REGION1,DEMPWRHYD,2020,253.8451
REGION1,DEMPWRHYD,2021,253.8451
REGION1,DEMPWRHYD,2022,253.8451
REGION1,DEMPWRHYD,2023,253.8451
REGION1,DEMPWRHYD,2024,253.8451
REGION1,DEMPWRHYD,2025,253.8451
REGION1,DEMPWRHYD,2026,252.3124
REGION1,DEMPWRHYD,2027,252.3124
REGION1,DEMPWRHYD,2028,252.3124
REGION1,DEMPWRHYD,2029,252.3124
REGION1,DEMPWRHYD,2030,252.3124
REGION1,DEMPWRNGS,2016,386.9993
REGION1,DEMPWRNGS,2017,386.9993
REGION1,DEMPWRNGS,2018,386.9993
REGION1,DEMPWRNGS,2019,386.9993
REGION1,DEMPWRNGS,2020,434.3033
REGION1,DEMPWRNGS,2021,434.3033
REGION1,DEMPWRNGS,2022,434.3033
REGION1,DEMPWRNGS,2023,436.7247
REGION1,DEMPWRNGS,2024,556.8617
REGION1,DEMPWRNGS,2025,676.8338
REGION1,DEMPWRNGS,2026,798.8474
REGION1,DEMPWRNGS,2027,918.5347
REGION1,DEMPWRNGS,2028,1029.8185
REGION1,DEMPWRNGS,2029,1139.2506
REGION1,DEMPWRNGS,2030,1226.8071
REGION1,DEMPWRSOL,2019,2.1464
REGION1,DEMPWRSOL,2020,5.0082
REGION1,DEMPWRSOL,2021,5.0082
REGION1,DEMPWRSOL,2022,5.0082
REGION1,DEMPWRSOL,2023,5.0082
REGION1,DEMPWRSOL,2024,5.0082
REGION1,DEMPWRSOL,2025,5.0082
REGION1,DEMPWRSOL,2026,5.0082
REGION1,DEMPWRSOL,2027,5.0082
REGION1,DEMPWRSOL,2028,5.0082
REGION1,DEMPWRSOL,2029,5.0082
REGION1,DEMPWRSOL,2030,5.0082
REGION1,DEMPWRSURNOC,2016,0.3117
REGION1,DEMPWRSURNOC,2017,0.3344
REGION1,DEMPWRSURNOC,2018,0.3695
REGION1,DEMPWRSURNOC,2019,0.3695
REGION1,DEMPWRSURNOC,2020,0.7915
REGION1,DEMPWRSURNOC,2021,0.7915
REGION1,DEMPWRSURNOC,2022,0.7915
REGION1,DEMPWRSURNOC,2023,0.7915
REGION1,DEMPWRSURNOC,2024,0.7915
REGION1,DEMPWRSURNOC,2025,0.7915
REGION1,DEMPWRSURNOC,2026,0.7915
REGION1,DEMPWRSURNOC,2027,0.7915
REGION1,DEMPWRSURNOC,2028,0.7915
REGION1,DEMPWRSURNOC,2029,0.7915
REGION1,DEMPWRSURNOC,2030,0.9894
REGION1,DEMPWRSURNOE,2016,7.1444
REGION1,DEMPWRSURNOE,2017,7.8812
REGION1,DEMPWRSURNOE,2018,6.938
REGION1,DEMPWRSURNOE,2019,3.7124
REGION1,DEMPWRSURNOE,2020,4.2457
REGION1,DEMPWRSURNOE,2021,6.4575
REGION1,DEMPWRSURNOE,2022,8.665
REGION1,DEMPWRSURNOE,2023,10.6427
REGION1,DEMPWRSURNOE,2024,10.4218
REGION1,DEMPWRSURNOE,2025,10.2012
REGION1,DEMPWRSURNOE,2026,9.9808
REGION1,DEMPWRSURNOE,2027,9.7607
REGION1,DEMPWRSURNOE,2028,9.2742
REGION1,DEMPWRSURNOE,2029,9.0794
REGION1,DEMPWRSURNOE,2030,9.2775
REGION1,DEMPWRSURSOE,2016,0.6621
REGION1,DEMPWRSURSOE,2017,1.2139
REGION1,DEMPWRSURSOE,2018,2.8078
REGION1,DEMPWRSURSOE,2019,6.29
REGION1,DEMPWRSURSOE,2020,6.4929
REGION1,DEMPWRSURSOE,2021,6.4929
REGION1,DEMPWRSURSOE,2022,6.4929
REGION1,DEMPWRSURSOE,2023,6.611
REGION1,DEMPWRSURSOE,2024,7.2636
REGION1,DEMPWRSURSOE,2025,7.9153
REGION1,DEMPWRSURSOE,2026,8.578
REGION1,DEMPWRSURSOE,2027,9.2282
REGION1,DEMPWRSURSOE,2028,10.0894
REGION1,DEMPWRSURSOE,2029,10.7853
REGION1,DEMPWRSURSOE,2030,11.0629
REGION1,DEMPWRWND,2016,0.9221
REGION1,DEMPWRWND,2017,0.9221
REGION1,DEMPWRWND,2018,4.1281
REGION1,DEMPWRWND,2019,5.8571
REGION1,DEMPWRWND,2020,6.8792
REGION1,DEMPWRWND,2021,6.8792
REGION1,DEMPWRWND,2022,6.8792
REGION1,DEMPWRWND,2023,6.8792
REGION1,DEMPWRWND,2024,6.8792
REGION1,DEMPWRWND,2025,6.8792
REGION1,DEMPWRWND,2026,6.8792
REGION1,DEMPWRWND,2027,6.8792
REGION1,DEMPWRWND,2028,6.8792
REGION1,DEMPWRWND,2029,6.8792
REGION1,DEMPWRWND,2030,6.8792
REGION1,DEMRESBIO,2016,501.669
REGION1,DEMRESBIO,2017,538.348
REGION1,DEMRESBIO,2018,575.013
REGION1,DEMRESBIO,2019,611.666
REGION1,DEMRESBIO,2020,671.804
REGION1,DEMRESBIO,2021,731.925
REGION1,DEMRESBIO,2022,792.03
REGION1,DEMRESBIO,2023,852.122
REGION1,DEMRESBIO,2024,912.201
REGION1,DEMRESBIO,2025,972.269
REGION1,DEMRESBIO,2026,1032.326
REGION1,DEMRESBIO,2027,1092.373
REGION1,DEMRESBIO,2028,1152.411
REGION1,DEMRESBIO,2029,1212.44
REGION1,DEMRESBIO,2030,1264.955
REGION1,DEMRESCOA,2016,5.192
REGION1,DEMRESCOA,2017,5.572
REGION1,DEMRESCOA,2018,5.951
REGION1,DEMRESCOA,2019,6.33
REGION1,DEMRESCOA,2020,6.953
REGION1,DEMRESCOA,2021,7.575
REGION1,DEMRESCOA,2022,8.197
REGION1,DEMRESCOA,2023,8.819
REGION1,DEMRESCOA,2024,9.441
REGION1,DEMRESCOA,2025,10.062
REGION1,DEMRESCOA,2026,10.684
REGION1,DEMRESCOA,2027,11.305
REGION1,DEMRESCOA,2028,11.927
REGION1,DEMRESCOA,2029,12.548
REGION1,DEMRESCOA,2030,13.091
REGION1,DEMRESDSL,2016,0.602
REGION1,DEMRESDSL,2017,0.646
REGION1,DEMRESDSL,2018,0.69
REGION1,DEMRESDSL,2019,0.734
REGION1,DEMRESDSL,2020,0.806
REGION1,DEMRESDSL,2021,0.878
REGION1,DEMRESDSL,2022,0.95
REGION1,DEMRESDSL,2023,1.023
REGION1,DEMRESDSL,2024,1.095
REGION1,DEMRESDSL,2025,1.167
REGION1,DEMRESDSL,2026,1.239
REGION1,DEMRESDSL,2027,1.311
REGION1,DEMRESDSL,2028,1.383
REGION1,DEMRESDSL,2029,1.455
REGION1,DEMRESDSL,2030,1.518
REGION1,DEMRESELCC02,2016,18.5369
REGION1,DEMRESELCC02,2017,19.8922
REGION1,DEMRESELCC02,2018,21.247
REGION1,DEMRESELCC02,2019,22.6014
REGION1,DEMRESELCC02,2020,24.8235
REGION1,DEMRESELCC02,2021,27.045
REGION1,DEMRESELCC02,2022,29.2659
REGION1,DEMRESELCC02,2023,31.4863
REGION1,DEMRESELCC02,2024,33.7063
REGION1,DEMRESELCC02,2025,35.9258
REGION1,DEMRESELCC02,2026,38.145
REGION1,DEMRESELCC02,2027,40.3637
REGION1,DEMRESELCC02,2028,42.5821
REGION1,DEMRESELCC02,2029,44.8002
REGION1,DEMRESELCC02,2030,46.7407
REGION1,DEMRESELCN02,2016,81.9131
REGION1,DEMRESELCN02,2017,87.9021
REGION1,DEMRESELCN02,2018,93.8889
REGION1,DEMRESELCN02,2019,99.8736
REGION1,DEMRESELCN02,2020,109.693
REGION1,DEMRESELCN02,2021,119.5095
REGION1,DEMRESELCN02,2022,129.3237
REGION1,DEMRESELCN02,2023,139.1355
REGION1,DEMRESELCN02,2024,148.9454
REGION1,DEMRESELCN02,2025,158.7533
REGION1,DEMRESELCN02,2026,168.5595
REGION1,DEMRESELCN02,2027,178.364
REGION1,DEMRESELCN02,2028,188.167
REGION1,DEMRESELCN02,2029,197.9686
REGION1,DEMRESELCN02,2030,206.5434
REGION1,DEMRESELCS02,2016,100.1996
REGION1,DEMRESELCS02,2017,107.5255
REGION1,DEMRESELCS02,2018,114.8488
REGION1,DEMRESELCS02,2019,122.1696
REGION1,DEMRESELCS02,2020,134.181
REGION1,DEMRESELCS02,2021,146.189
REGION1,DEMRESELCS02,2022,158.1941
REGION1,DEMRESELCS02,2023,170.1964
REGION1,DEMRESELCS02,2024,182.1962
REGION1,DEMRESELCS02,2025,194.1936
REGION1,DEMRESELCS02,2026,206.1889
REGION1,DEMRESELCS02,2027,218.1823
REGION1,DEMRESELCS02,2028,230.1737
REGION1,DEMRESELCS02,2029,242.1635
REGION1,DEMRESELCS02,2030,252.6525
REGION1,DEMRESKER,2016,0.876
REGION1,DEMRESKER,2017,0.94
REGION1,DEMRESKER,2018,1.004
REGION1,DEMRESKER,2019,1.068
REGION1,DEMRESKER,2020,1.173
REGION1,DEMRESKER,2021,1.278
REGION1,DEMRESKER,2022,1.383
REGION1,DEMRESKER,2023,1.488
REGION1,DEMRESKER,2024,1.593
REGION1,DEMRESKER,2025,1.698
REGION1,DEMRESKER,2026,1.803
REGION1,DEMRESKER,2027,1.907
REGION1,DEMRESKER,2028,2.012
REGION1,DEMRESKER,2029,2.117
REGION1,DEMRESKER,2030,2.209
REGION1,DEMRESLPG,2016,47.253
REGION1,DEMRESLPG,2017,50.708
REGION1,DEMRESLPG,2018,54.161
REGION1,DEMRESLPG,2019,57.613
REGION1,DEMRESLPG,2020,63.278
REGION1,DEMRESLPG,2021,68.941
REGION1,DEMRESLPG,2022,74.602
REGION1,DEMRESLPG,2023,80.262
REGION1,DEMRESLPG,2024,85.921
REGION1,DEMRESLPG,2025,91.579
REGION1,DEMRESLPG,2026,97.236
REGION1,DEMRESLPG,2027,102.892
REGION1,DEMRESLPG,2028,108.547
REGION1,DEMRESLPG,2029,114.201
REGION1,DEMRESLPG,2030,119.147
REGION1,DEMTRADSL,2016,259.161
REGION1,DEMTRADSL,2017,278.109
REGION1,DEMTRADSL,2018,297.05
REGION1,DEMTRADSL,2019,315.985
REGION1,DEMTRADSL,2020,347.052
REGION1,DEMTRADSL,2021,378.11
REGION1,DEMTRADSL,2022,409.161
REGION1,DEMTRADSL,2023,440.204
REGION1,DEMTRADSL,2024,471.241
REGION1,DEMTRADSL,2025,502.272
REGION1,DEMTRADSL,2026,533.297
REGION1,DEMTRADSL,2027,564.317
REGION1,DEMTRADSL,2028,595.333
REGION1,DEMTRADSL,2029,626.343
REGION1,DEMTRADSL,2030,653.473
REGION1,DEMTRAGSL,2016,242.72
REGION1,DEMTRAGSL,2017,260.466
REGION1,DEMTRAGSL,2018,278.205
REGION1,DEMTRAGSL,2019,295.939
REGION1,DEMTRAGSL,2020,325.035
REGION1,DEMTRAGSL,2021,354.123
REGION1,DEMTRAGSL,2022,383.204
REGION1,DEMTRAGSL,2023,412.277
REGION1,DEMTRAGSL,2024,441.345
REGION1,DEMTRAGSL,2025,470.407
REGION1,DEMTRAGSL,2026,499.464
REGION1,DEMTRAGSL,2027,528.517
REGION1,DEMTRAGSL,2028,557.564
REGION1,DEMTRAGSL,2029,586.608
REGION1,DEMTRAGSL,2030,612.016
REGION1,DEMTRAHFO,2016,2.101
REGION1,DEMTRAHFO,2017,2.254
REGION1,DEMTRAHFO,2018,2.408
REGION1,DEMTRAHFO,2019,2.561
REGION1,DEMTRAHFO,2020,2.813
REGION1,DEMTRAHFO,2021,3.065
REGION1,DEMTRAHFO,2022,3.317
REGION1,DEMTRAHFO,2023,3.568
REGION1,DEMTRAHFO,2024,3.82
REGION1,DEMTRAHFO,2025,4.071
REGION1,DEMTRAHFO,2026,4.323
REGION1,DEMTRAHFO,2027,4.574
REGION1,DEMTRAHFO,2028,4.826
REGION1,DEMTRAHFO,2029,5.077
REGION1,DEMTRAHFO,2030,5.297
REGION1,EXPCOA,2016,540.1962
REGION1,EXPCOA,2017,432.157
REGION1,EXPCOA,2018,345.7256
REGION1,EXPCOA,2019,276.5805
REGION1,EXPCOA,2020,221.2644
REGION1,EXPCOA,2021,177.0115
REGION1,EXPCOA,2022,141.6092
REGION1,EXPCOA,2023,113.2874
REGION1,EXPCOA,2024,90.6299
REGION1,EXPCOA,2025,72.5039
REGION1,EXPCOA,2026,58.0031
REGION1,EXPCOA,2027,46.4025
REGION1,EXPCOA,2028,37.122
REGION1,EXPCOA,2029,29.6976
REGION1,EXPCOA,2030,23.7581
REGION1,EXPCRU,2016,300.0
REGION1,EXPCRU,2017,360.0
REGION1,EXPCRU,2018,432.0
REGION1,EXPCRU,2019,518.4
REGION1,EXPCRU,2020,622.08
REGION1,EXPCRU,2021,746.496
REGION1,EXPCRU,2022,754.9583
REGION1,EXPCRU,2023,691.5542
REGION1,EXPCRU,2024,621.8096
REGION1,EXPCRU,2025,545.0905
REGION1,EXPCRU,2026,463.0
REGION1,EXPCRU,2027,463.0
REGION1,EXPCRU,2028,463.0
REGION1,EXPCRU,2029,463.0
REGION1,EXPCRU,2030,463.0
REGION1,EXPELCC02,2016,0.247
REGION1,EXPELCN02,2016,1.093
REGION1,EXPELCS02,2016,1.338
REGION1,IMPDSL,2016,213.3926
REGION1,IMPDSL,2017,223.5504
REGION1,IMPDSL,2018,232.3004
REGION1,IMPDSL,2019,239.516
REGION1,IMPDSL,2020,259.7855
REGION1,IMPDSL,2021,278.1262
REGION1,IMPDSL,2022,294.3804
REGION1,IMPDSL,2023,308.3621
REGION1,IMPDSL,2024,319.867
REGION1,IMPDSL,2025,328.667
REGION1,IMPDSL,2026,335.373
REGION1,IMPDSL,2027,372.834
REGION1,IMPDSL,2028,410.231
REGION1,IMPDSL,2029,448.0915
REGION1,IMPDSL,2030,482.2163
REGION1,IMPELCC02,2016,0.909
REGION1,IMPELCN02,2016,4.017
REGION1,IMPELCS02,2016,4.913
REGION1,IMPGSL,2016,112.6376
REGION1,IMPGSL,2017,117.2175
REGION1,IMPGSL,2018,120.4322
REGION1,IMPGSL,2019,122.1456
REGION1,IMPGSL,2020,133.8503
REGION1,IMPGSL,2021,143.7377
REGION1,IMPGSL,2022,151.627
REGION1,IMPGSL,2023,157.3201
REGION1,IMPGSL,2024,160.5991
REGION1,IMPGSL,2025,161.2232
REGION1,IMPGSL,2026,159.8022
REGION1,IMPGSL,2027,189.5552
REGION1,IMPGSL,2028,219.3022
REGION1,IMPGSL,2029,249.0462
REGION1,IMPGSL,2030,275.0662
REGION1,IMPHFO,2016,11.2929
REGION1,IMPHFO,2017,11.9529
REGION1,IMPHFO,2018,12.5527
REGION1,IMPHFO,2019,13.0842
REGION1,IMPHFO,2020,14.3566
REGION1,IMPHFO,2021,15.5475
REGION1,IMPHFO,2022,16.6489
REGION1,IMPHFO,2023,17.6497
REGION1,IMPHFO,2024,18.543
REGION1,IMPHFO,2025,19.3151
REGION1,IMPHFO,2026,19.9964
REGION1,IMPHFO,2027,22.0804
REGION1,IMPHFO,2028,24.1644
REGION1,IMPHFO,2029,26.2474
REGION1,IMPHFO,2030,28.0704
REGION1,IMPKER,2016,2.19
REGION1,IMPKER,2017,2.319
REGION1,IMPKER,2018,2.447
REGION1,IMPKER,2019,2.573
REGION1,IMPKER,2020,2.775
REGION1,IMPKER,2021,2.974
REGION1,IMPKER,2022,3.172
REGION1,IMPKER,2023,3.368
REGION1,IMPKER,2024,3.563
REGION1,IMPKER,2025,3.756
REGION1,IMPKER,2026,3.948
REGION1,IMPKER,2027,4.138
REGION1,IMPKER,2028,4.328
REGION1,IMPKER,2029,4.516
REGION1,IMPKER,2030,4.679
REGION1,IMPLPG,2016,42.0127
REGION1,IMPLPG,2017,43.4542
REGION1,IMPLPG,2018,44.4328
REGION1,IMPLPG,2019,44.9079
REGION1,IMPLPG,2020,48.5214
REGION1,IMPLPG,2021,51.5084
REGION1,IMPLPG,2022,53.8134
REGION1,IMPLPG,2023,55.3742
REGION1,IMPLPG,2024,56.1231
REGION1,IMPLPG,2025,55.9829
REGION1,IMPLPG,2026,55.1544
REGION1,IMPLPG,2027,64.5384
REGION1,IMPLPG,2028,73.9064
REGION1,IMPLPG,2029,83.2604
REGION1,IMPLPG,2030,91.4074
REGION1,IMPNGS,2016,20.0953
REGION1,IMPOHC,2016,148.981
REGION1,IMPOHC,2017,159.874
REGION1,IMPOHC,2018,170.762
REGION1,IMPOHC,2019,181.647
REGION1,IMPOHC,2020,199.506
REGION1,IMPOHC,2021,217.36
REGION1,IMPOHC,2022,235.21
REGION1,IMPOHC,2023,253.056
REGION1,IMPOHC,2024,270.897
REGION1,IMPOHC,2025,288.736
REGION1,IMPOHC,2026,306.571
REGION1,IMPOHC,2027,324.403
REGION1,IMPOHC,2028,342.233
REGION1,IMPOHC,2029,360.06
REGION1,IMPOHC,2030,375.655
REGION1,LNDAGRMRDC01,2016,19.7307
REGION1,LNDAGRMRDC01,2017,19.7307
REGION1,LNDAGRMRDC01,2018,19.7073
REGION1,LNDAGRMRDC01,2019,19.6731
REGION1,LNDAGRMRDC01,2020,19.7307
REGION1,LNDAGRMRDC01,2021,19.7307
REGION1,LNDAGRMRDC01,2022,19.7307
REGION1,LNDAGRMRDC01,2023,19.7307
REGION1,LNDAGRMRDC01,2024,19.7307
REGION1,LNDAGRMRDC01,2025,19.7307
REGION1,LNDAGRMRDC01,2026,19.7307
REGION1,LNDAGRMRDC01,2027,19.7307
REGION1,LNDAGRMRDC01,2028,19.7307
REGION1,LNDAGRMRDC01,2029,19.7307
REGION1,LNDAGRMRDC01,2030,19.7307
REGION1,LNDAGRMRDC02,2016,22.2262
REGION1,LNDAGRMRDC02,2017,22.2262
REGION1,LNDAGRMRDC02,2018,22.2262
REGION1,LNDAGRMRDC02,2019,22.2262
REGION1,LNDAGRMRDC02,2020,22.2262
REGION1,LNDAGRMRDC02,2021,22.2262
REGION1,LNDAGRMRDC02,2022,22.2262
REGION1,LNDAGRMRDC02,2023,22.2262
REGION1,LNDAGRMRDC02,2024,22.2262
REGION1,LNDAGRMRDC02,2025,22.2262
REGION1,LNDAGRMRDC02,2026,22.2262
REGION1,LNDAGRMRDC02,2027,22.2262
REGION1,LNDAGRMRDC02,2028,22.2262
REGION1,LNDAGRMRDC02,2029,22.2262
REGION1,LNDAGRMRDC02,2030,22.2262
REGION1,LNDAGRNOCC01,2016,11.776
REGION1,LNDAGRNOCC01,2017,11.776
REGION1,LNDAGRNOCC01,2018,11.776
REGION1,LNDAGRNOCC01,2019,11.776
REGION1,LNDAGRNOCC01,2020,11.776
REGION1,LNDAGRNOCC01,2021,11.776
REGION1,LNDAGRNOCC01,2022,11.776
REGION1,LNDAGRNOCC01,2023,11.776
REGION1,LNDAGRNOCC01,2024,11.776
REGION1,LNDAGRNOCC01,2025,11.776
REGION1,LNDAGRNOCC01,2026,11.776
REGION1,LNDAGRNOCC01,2027,11.776
REGION1,LNDAGRNOCC01,2028,11.776
REGION1,LNDAGRNOCC01,2029,11.776
REGION1,LNDAGRNOCC01,2030,11.776
REGION1,LNDAGRNOCC02,2016,33.7683
REGION1,LNDAGRNOCC02,2017,33.7683
REGION1,LNDAGRNOCC02,2018,33.7683
REGION1,LNDAGRNOCC02,2019,33.7683
REGION1,LNDAGRNOCC02,2020,33.7683
REGION1,LNDAGRNOCC02,2021,33.7683
REGION1,LNDAGRNOCC02,2022,33.7683
REGION1,LNDAGRNOCC02,2023,33.7683
REGION1,LNDAGRNOCC02,2024,33.7683
REGION1,LNDAGRNOCC02,2025,33.7683
REGION1,LNDAGRNOCC02,2026,33.7683
REGION1,LNDAGRNOCC02,2027,33.7683
REGION1,LNDAGRNOCC02,2028,33.7683
REGION1,LNDAGRNOCC02,2029,33.7683
REGION1,LNDAGRNOCC02,2030,33.7683
REGION1,LNDAGRNOEC01,2016,33.1444
REGION1,LNDAGRNOEC01,2017,33.1444
REGION1,LNDAGRNOEC01,2018,33.1444
REGION1,LNDAGRNOEC01,2019,33.1444
REGION1,LNDAGRNOEC01,2020,33.1444
REGION1,LNDAGRNOEC01,2021,33.1444
REGION1,LNDAGRNOEC01,2022,33.1444
REGION1,LNDAGRNOEC01,2023,33.1444
REGION1,LNDAGRNOEC01,2024,33.1444
REGION1,LNDAGRNOEC01,2025,33.1444
REGION1,LNDAGRNOEC01,2026,33.1444
REGION1,LNDAGRNOEC01,2027,33.1444
REGION1,LNDAGRNOEC01,2028,33.1444
REGION1,LNDAGRNOEC01,2029,33.1444
REGION1,LNDAGRNOEC01,2030,33.1444
REGION1,LNDAGRNOEC02,2016,2.7295
REGION1,LNDAGRNOEC02,2017,2.7295
REGION1,LNDAGRNOEC02,2018,2.7295
REGION1,LNDAGRNOEC02,2019,2.7295
REGION1,LNDAGRNOEC02,2020,2.7295
REGION1,LNDAGRNOEC02,2021,2.7295
REGION1,LNDAGRNOEC02,2022,2.7295
REGION1,LNDAGRNOEC02,2023,2.7295
REGION1,LNDAGRNOEC02,2024,2.7295
REGION1,LNDAGRNOEC02,2025,2.7295
REGION1,LNDAGRNOEC02,2026,2.7295
REGION1,LNDAGRNOEC02,2027,2.7295
REGION1,LNDAGRNOEC02,2028,2.7295
REGION1,LNDAGRNOEC02,2029,2.7295
REGION1,LNDAGRNOEC02,2030,2.7295
REGION1,LNDAGRNOEC03,2016,5.2251
REGION1,LNDAGRNOEC03,2017,5.2251
REGION1,LNDAGRNOEC03,2018,5.2251
REGION1,LNDAGRNOEC03,2019,5.2251
REGION1,LNDAGRNOEC03,2020,5.2251
REGION1,LNDAGRNOEC03,2021,5.2251
REGION1,LNDAGRNOEC03,2022,5.2251
REGION1,LNDAGRNOEC03,2023,5.2251
REGION1,LNDAGRNOEC03,2024,5.2251
REGION1,LNDAGRNOEC03,2025,5.2251
REGION1,LNDAGRNOEC03,2026,5.2251
REGION1,LNDAGRNOEC03,2027,5.2251
REGION1,LNDAGRNOEC03,2028,5.2251
REGION1,LNDAGRNOEC03,2029,5.2251
REGION1,LNDAGRNOEC03,2030,5.2251
REGION1,LNDAGRNOWC01,2016,11.1521
REGION1,LNDAGRNOWC01,2017,11.1521
REGION1,LNDAGRNOWC01,2018,11.1521
REGION1,LNDAGRNOWC01,2019,11.1521
REGION1,LNDAGRNOWC01,2020,11.1521
REGION1,LNDAGRNOWC01,2021,11.1521
REGION1,LNDAGRNOWC01,2022,11.1521
REGION1,LNDAGRNOWC01,2023,11.1521
REGION1,LNDAGRNOWC01,2024,11.1521
REGION1,LNDAGRNOWC01,2025,11.1521
REGION1,LNDAGRNOWC01,2026,11.1521
REGION1,LNDAGRNOWC01,2027,11.1521
REGION1,LNDAGRNOWC01,2028,11.1521
REGION1,LNDAGRNOWC01,2029,11.1521
REGION1,LNDAGRNOWC01,2030,11.1521
REGION1,LNDAGRNOWC02,2016,42.8927
REGION1,LNDAGRNOWC02,2017,42.8927
REGION1,LNDAGRNOWC02,2018,42.8927
REGION1,LNDAGRNOWC02,2019,42.8927
REGION1,LNDAGRNOWC02,2020,42.8927
REGION1,LNDAGRNOWC02,2021,42.8927
REGION1,LNDAGRNOWC02,2022,42.8927
REGION1,LNDAGRNOWC02,2023,42.8927
REGION1,LNDAGRNOWC02,2024,42.8927
REGION1,LNDAGRNOWC02,2025,42.8927
REGION1,LNDAGRNOWC02,2026,42.8927
REGION1,LNDAGRNOWC02,2027,42.8927
REGION1,LNDAGRNOWC02,2028,42.8927
REGION1,LNDAGRNOWC02,2029,42.8927
REGION1,LNDAGRNOWC02,2030,42.8927
REGION1,LNDAGRRRDC01,2016,1.9497
REGION1,LNDAGRRRDC01,2017,1.9497
REGION1,LNDAGRRRDC01,2018,1.9497
REGION1,LNDAGRRRDC01,2019,1.9497
REGION1,LNDAGRRRDC01,2020,1.9497
REGION1,LNDAGRRRDC01,2021,1.9497
REGION1,LNDAGRRRDC01,2022,1.9497
REGION1,LNDAGRRRDC01,2023,1.9497
REGION1,LNDAGRRRDC01,2024,1.9497
REGION1,LNDAGRRRDC01,2025,1.9497
REGION1,LNDAGRRRDC01,2026,1.9497
REGION1,LNDAGRRRDC01,2027,1.9497
REGION1,LNDAGRRRDC01,2028,1.9497
REGION1,LNDAGRRRDC01,2029,1.9497
REGION1,LNDAGRRRDC01,2030,1.9497
REGION1,LNDAGRRRDC02,2016,21.1344
REGION1,LNDAGRRRDC02,2017,21.1344
REGION1,LNDAGRRRDC02,2018,21.1344
REGION1,LNDAGRRRDC02,2019,21.1344
REGION1,LNDAGRRRDC02,2020,21.1344
REGION1,LNDAGRRRDC02,2021,21.1344
REGION1,LNDAGRRRDC02,2022,21.1344
REGION1,LNDAGRRRDC02,2023,21.1344
REGION1,LNDAGRRRDC02,2024,21.1344
REGION1,LNDAGRRRDC02,2025,21.1344
REGION1,LNDAGRRRDC02,2026,21.1344
REGION1,LNDAGRRRDC02,2027,21.1344
REGION1,LNDAGRRRDC02,2028,21.1344
REGION1,LNDAGRRRDC02,2029,21.1344
REGION1,LNDAGRRRDC02,2030,21.1344
REGION1,LNDAGRSOCC01,2016,65.275
REGION1,LNDAGRSOCC01,2017,65.275
REGION1,LNDAGRSOCC01,2018,65.275
REGION1,LNDAGRSOCC01,2019,65.275
REGION1,LNDAGRSOCC01,2020,65.275
REGION1,LNDAGRSOCC01,2021,65.275
REGION1,LNDAGRSOCC01,2022,65.275
REGION1,LNDAGRSOCC01,2023,65.275
REGION1,LNDAGRSOCC01,2024,65.275
REGION1,LNDAGRSOCC01,2025,65.275
REGION1,LNDAGRSOCC01,2026,65.275
REGION1,LNDAGRSOCC01,2027,65.275
REGION1,LNDAGRSOCC01,2028,65.275
REGION1,LNDAGRSOCC01,2029,65.275
REGION1,LNDAGRSOCC01,2030,65.275
REGION1,LNDAGRSOCC02,2016,2.8855
REGION1,LNDAGRSOCC02,2017,2.8855
REGION1,LNDAGRSOCC02,2018,2.8855
REGION1,LNDAGRSOCC02,2019,2.8855
REGION1,LNDAGRSOCC02,2020,2.8855
REGION1,LNDAGRSOCC02,2021,2.8855
REGION1,LNDAGRSOCC02,2022,2.8855
REGION1,LNDAGRSOCC02,2023,2.8855
REGION1,LNDAGRSOCC02,2024,2.8855
REGION1,LNDAGRSOCC02,2025,2.8855
REGION1,LNDAGRSOCC02,2026,2.8855
REGION1,LNDAGRSOCC02,2027,2.8855
REGION1,LNDAGRSOCC02,2028,2.8855
REGION1,LNDAGRSOCC02,2029,2.8855
REGION1,LNDAGRSOCC02,2030,2.8855
REGION1,LNDAGRSOCC03,2016,12.3999
REGION1,LNDAGRSOCC03,2017,12.3999
REGION1,LNDAGRSOCC03,2018,12.3999
REGION1,LNDAGRSOCC03,2019,12.3999
REGION1,LNDAGRSOCC03,2020,12.3999
REGION1,LNDAGRSOCC03,2021,12.3999
REGION1,LNDAGRSOCC03,2022,12.3999
REGION1,LNDAGRSOCC03,2023,12.3999
REGION1,LNDAGRSOCC03,2024,12.3999
REGION1,LNDAGRSOCC03,2025,12.3999
REGION1,LNDAGRSOCC03,2026,12.3999
REGION1,LNDAGRSOCC03,2027,12.3999
REGION1,LNDAGRSOCC03,2028,12.3999
REGION1,LNDAGRSOCC03,2029,12.3999
REGION1,LNDAGRSOCC03,2030,12.3999
REGION1,LNDAGRSOEC01,2016,27.2954
REGION1,LNDAGRSOEC01,2017,27.2954
REGION1,LNDAGRSOEC01,2018,27.2954
REGION1,LNDAGRSOEC01,2019,27.2954
REGION1,LNDAGRSOEC01,2020,27.2954
REGION1,LNDAGRSOEC01,2021,27.2954
REGION1,LNDAGRSOEC01,2022,27.2954
REGION1,LNDAGRSOEC01,2023,27.2954
REGION1,LNDAGRSOEC01,2024,27.2954
REGION1,LNDAGRSOEC01,2025,27.2954
REGION1,LNDAGRSOEC01,2026,27.2954
REGION1,LNDAGRSOEC01,2027,27.2954
REGION1,LNDAGRSOEC01,2028,27.2954
REGION1,LNDAGRSOEC01,2029,27.2954
REGION1,LNDAGRSOEC01,2030,27.2954
REGION1,LNDAGRSOEC02,2016,17.625
REGION1,LNDAGRSOEC02,2017,17.625
REGION1,LNDAGRSOEC02,2018,17.625
REGION1,LNDAGRSOEC02,2019,17.625
REGION1,LNDAGRSOEC02,2020,17.625
REGION1,LNDAGRSOEC02,2021,17.625
REGION1,LNDAGRSOEC02,2022,17.625
REGION1,LNDAGRSOEC02,2023,17.625
REGION1,LNDAGRSOEC02,2024,17.625
REGION1,LNDAGRSOEC02,2025,17.625
REGION1,LNDAGRSOEC02,2026,17.625
REGION1,LNDAGRSOEC02,2027,17.625
REGION1,LNDAGRSOEC02,2028,17.625
REGION1,LNDAGRSOEC02,2029,17.625
REGION1,LNDAGRSOEC02,2030,17.625
REGION1,LNDBARMRD,2016,0.01
REGION1,LNDBARMRD,2017,0.01
REGION1,LNDBARMRD,2018,0.01
REGION1,LNDBARMRD,2019,0.01
REGION1,LNDBARMRD,2020,0.01
REGION1,LNDBARMRD,2021,0.01
REGION1,LNDBARMRD,2022,0.01
REGION1,LNDBARMRD,2023,0.01
REGION1,LNDBARMRD,2024,0.01
REGION1,LNDBARMRD,2025,0.01
REGION1,LNDBARMRD,2026,0.01
REGION1,LNDBARMRD,2027,0.01
REGION1,LNDBARMRD,2028,0.01
REGION1,LNDBARMRD,2029,0.01
REGION1,LNDBARMRD,2030,0.01
REGION1,LNDBARNOC,2016,0.0023
REGION1,LNDBARNOC,2017,0.0023
REGION1,LNDBARNOC,2018,0.0023
REGION1,LNDBARNOC,2019,0.0023
REGION1,LNDBARNOC,2020,0.0023
REGION1,LNDBARNOC,2021,0.0023
REGION1,LNDBARNOC,2022,0.0023
REGION1,LNDBARNOC,2023,0.0023
REGION1,LNDBARNOC,2024,0.0023
REGION1,LNDBARNOC,2025,0.0023
REGION1,LNDBARNOC,2026,0.0023
REGION1,LNDBARNOC,2027,0.0023
REGION1,LNDBARNOC,2028,0.0023
REGION1,LNDBARNOC,2029,0.0023
REGION1,LNDBARNOC,2030,0.0023
REGION1,LNDBARNOW,2016,0.0008
REGION1,LNDBARNOW,2017,0.0008
REGION1,LNDBARNOW,2018,0.0008
REGION1,LNDBARNOW,2019,0.0008
REGION1,LNDBARNOW,2020,0.0008
REGION1,LNDBARNOW,2021,0.0008
REGION1,LNDBARNOW,2022,0.0008
REGION1,LNDBARNOW,2023,0.0008
REGION1,LNDBARNOW,2024,0.0008
REGION1,LNDBARNOW,2025,0.0008
REGION1,LNDBARNOW,2026,0.0008
REGION1,LNDBARNOW,2027,0.0008
REGION1,LNDBARNOW,2028,0.0008
REGION1,LNDBARNOW,2029,0.0008
REGION1,LNDBARNOW,2030,0.0008
REGION1,LNDBARRRD,2016,0.0031
REGION1,LNDBARRRD,2017,0.0031
REGION1,LNDBARRRD,2018,0.0031
REGION1,LNDBARRRD,2019,0.0031
REGION1,LNDBARRRD,2020,0.0031
REGION1,LNDBARRRD,2021,0.0031
REGION1,LNDBARRRD,2022,0.0031
REGION1,LNDBARRRD,2023,0.0031
REGION1,LNDBARRRD,2024,0.0031
REGION1,LNDBARRRD,2025,0.0031
REGION1,LNDBARRRD,2026,0.0031
REGION1,LNDBARRRD,2027,0.0031
REGION1,LNDBARRRD,2028,0.0031
REGION1,LNDBARRRD,2029,0.0031
REGION1,LNDBARRRD,2030,0.0031
REGION1,LNDBARSOC,2016,0.0078
REGION1,LNDBARSOC,2017,0.0078
REGION1,LNDBARSOC,2018,0.0078
REGION1,LNDBARSOC,2019,0.0078
REGION1,LNDBARSOC,2020,0.0078
REGION1,LNDBARSOC,2021,0.0078
REGION1,LNDBARSOC,2022,0.0078
REGION1,LNDBARSOC,2023,0.0078
REGION1,LNDBARSOC,2024,0.0078
REGION1,LNDBARSOC,2025,0.0078
REGION1,LNDBARSOC,2026,0.0078
REGION1,LNDBARSOC,2027,0.0078
REGION1,LNDBARSOC,2028,0.0078
REGION1,LNDBARSOC,2029,0.0078
REGION1,LNDBARSOC,2030,0.0078
REGION1,LNDBARSOE,2016,0.0759
REGION1,LNDBARSOE,2017,0.0759
REGION1,LNDBARSOE,2018,0.0759
REGION1,LNDBARSOE,2019,0.0759
REGION1,LNDBARSOE,2020,0.0759
REGION1,LNDBARSOE,2021,0.0759
REGION1,LNDBARSOE,2022,0.0759
REGION1,LNDBARSOE,2023,0.0759
REGION1,LNDBARSOE,2024,0.0759
REGION1,LNDBARSOE,2025,0.0759
REGION1,LNDBARSOE,2026,0.0759
REGION1,LNDBARSOE,2027,0.0759
REGION1,LNDBARSOE,2028,0.0759
REGION1,LNDBARSOE,2029,0.0759
REGION1,LNDBARSOE,2030,0.0759
REGION1,LNDBLTMRD,2016,3.51
REGION1,LNDBLTMRD,2017,3.63
REGION1,LNDBLTMRD,2018,3.76
REGION1,LNDBLTMRD,2019,3.89
REGION1,LNDBLTMRD,2020,3.99
REGION1,LNDBLTMRD,2021,4.11
REGION1,LNDBLTMRD,2022,4.21
REGION1,LNDBLTMRD,2023,4.33
REGION1,LNDBLTMRD,2024,4.45
REGION1,LNDBLTMRD,2025,4.56
REGION1,LNDBLTMRD,2026,4.67
REGION1,LNDBLTMRD,2027,4.79
REGION1,LNDBLTMRD,2028,4.91
REGION1,LNDBLTMRD,2029,5.03
REGION1,LNDBLTMRD,2030,5.12
REGION1,LNDBLTNOC,2016,2.0
REGION1,LNDBLTNOC,2017,2.06
REGION1,LNDBLTNOC,2018,2.14
REGION1,LNDBLTNOC,2019,2.21
REGION1,LNDBLTNOC,2020,2.28
REGION1,LNDBLTNOC,2021,2.33
REGION1,LNDBLTNOC,2022,2.4
REGION1,LNDBLTNOC,2023,2.47
REGION1,LNDBLTNOC,2024,2.52
REGION1,LNDBLTNOC,2025,2.59
REGION1,LNDBLTNOC,2026,2.66
REGION1,LNDBLTNOC,2027,2.72
REGION1,LNDBLTNOC,2028,2.79
REGION1,LNDBLTNOC,2029,2.86
REGION1,LNDBLTNOC,2030,2.92
REGION1,LNDBLTNOE,2016,1.32
REGION1,LNDBLTNOE,2017,1.37
REGION1,LNDBLTNOE,2018,1.4
REGION1,LNDBLTNOE,2019,1.46
REGION1,LNDBLTNOE,2020,1.51
REGION1,LNDBLTNOE,2021,1.54
REGION1,LNDBLTNOE,2022,1.59
REGION1,LNDBLTNOE,2023,1.63
REGION1,LNDBLTNOE,2024,1.67
REGION1,LNDBLTNOE,2025,1.71
REGION1,LNDBLTNOE,2026,1.76
REGION1,LNDBLTNOE,2027,1.8
REGION1,LNDBLTNOE,2028,1.85
REGION1,LNDBLTNOE,2029,1.88
REGION1,LNDBLTNOE,2030,1.93
REGION1,LNDBLTNOW,2016,1.35
REGION1,LNDBLTNOW,2017,1.41
REGION1,LNDBLTNOW,2018,1.45
REGION1,LNDBLTNOW,2019,1.5
REGION1,LNDBLTNOW,2020,1.54
REGION1,LNDBLTNOW,2021,1.58
REGION1,LNDBLTNOW,2022,1.63
REGION1,LNDBLTNOW,2023,1.67
REGION1,LNDBLTNOW,2024,1.71
REGION1,LNDBLTNOW,2025,1.76
REGION1,LNDBLTNOW,2026,1.8
REGION1,LNDBLTNOW,2027,1.84
REGION1,LNDBLTNOW,2028,1.89
REGION1,LNDBLTNOW,2029,1.93
REGION1,LNDBLTNOW,2030,1.97
REGION1,LNDBLTRRD,2016,3.02
REGION1,LNDBLTRRD,2017,3.13
REGION1,LNDBLTRRD,2018,3.23
REGION1,LNDBLTRRD,2019,3.34
REGION1,LNDBLTRRD,2020,3.43
REGION1,LNDBLTRRD,2021,3.53
REGION1,LNDBLTRRD,2022,3.63
REGION1,LNDBLTRRD,2023,3.72
REGION1,LNDBLTRRD,2024,3.82
REGION1,LNDBLTRRD,2025,3.92
REGION1,LNDBLTRRD,2026,4.02
REGION1,LNDBLTRRD,2027,4.11
REGION1,LNDBLTRRD,2028,4.22
REGION1,LNDBLTRRD,2029,4.32
REGION1,LNDBLTRRD,2030,4.4
REGION1,LNDBLTSOC,2016,2.38
REGION1,LNDBLTSOC,2017,2.46
REGION1,LNDBLTSOC,2018,2.54
REGION1,LNDBLTSOC,2019,2.62
REGION1,LNDBLTSOC,2020,2.7
REGION1,LNDBLTSOC,2021,2.78
REGION1,LNDBLTSOC,2022,2.86
REGION1,LNDBLTSOC,2023,2.93
REGION1,LNDBLTSOC,2024,3.01
REGION1,LNDBLTSOC,2025,3.08
REGION1,LNDBLTSOC,2026,3.16
REGION1,LNDBLTSOC,2027,3.24
REGION1,LNDBLTSOC,2028,3.31
REGION1,LNDBLTSOC,2029,3.39
REGION1,LNDBLTSOC,2030,3.47
REGION1,LNDBLTSOE,2016,1.93
REGION1,LNDBLTSOE,2017,2.0
REGION1,LNDBLTSOE,2018,2.07
REGION1,LNDBLTSOE,2019,2.13
REGION1,LNDBLTSOE,2020,2.2
REGION1,LNDBLTSOE,2021,2.26
REGION1,LNDBLTSOE,2022,2.32
REGION1,LNDBLTSOE,2023,2.38
REGION1,LNDBLTSOE,2024,2.45
REGION1,LNDBLTSOE,2025,2.51
REGION1,LNDBLTSOE,2026,2.57
REGION1,LNDBLTSOE,2027,2.64
REGION1,LNDBLTSOE,2028,2.7
REGION1,LNDBLTSOE,2029,2.77
REGION1,LNDBLTSOE,2030,2.81
REGION1,LNDCP01HIMRD,2016,0.1063
REGION1,LNDCP01HIMRD,2017,0.0993
REGION1,LNDCP01HIMRD,2018,0.0922
REGION1,LNDCP01HIMRD,2019,0.0851
REGION1,LNDCP01HIMRD,2020,0.078
REGION1,LNDCP01HIMRD,2021,0.0709
REGION1,LNDCP01HIMRD,2022,0.0638
REGION1,LNDCP01HIMRD,2023,0.0567
REGION1,LNDCP01HIMRD,2024,0.0496
REGION1,LNDCP01HIMRD,2025,0.0425
REGION1,LNDCP01HIMRD,2026,0.0362
REGION1,LNDCP01HIMRD,2027,0.0307
REGION1,LNDCP01HIMRD,2028,0.0261
REGION1,LNDCP01HIMRD,2029,0.0222
REGION1,LNDCP01HIMRD,2030,0.0189
REGION1,LNDCP01HINOC,2016,0.1154
REGION1,LNDCP01HINOC,2017,0.1077
REGION1,LNDCP01HINOC,2018,0.1239
REGION1,LNDCP01HINOC,2019,0.1425
REGION1,LNDCP01HINOC,2020,0.1639
REGION1,LNDCP01HINOC,2021,0.1884
REGION1,LNDCP01HINOC,2022,0.1807
REGION1,LNDCP01HINOC,2023,0.1731
REGION1,LNDCP01HINOC,2024,0.1654
REGION1,LNDCP01HINOC,2025,0.1577
REGION1,LNDCP01HINOC,2026,0.15
REGION1,LNDCP01HINOC,2027,0.1423
REGION1,LNDCP01HINOC,2028,0.1346
REGION1,LNDCP01HINOC,2029,0.1269
REGION1,LNDCP01HINOC,2030,0.1192
REGION1,LNDCP01HINOE,2016,0.1042
REGION1,LNDCP01HINOE,2017,0.0972
REGION1,LNDCP01HINOE,2018,0.0903
REGION1,LNDCP01HINOE,2019,0.0833
REGION1,LNDCP01HINOE,2020,0.0764
REGION1,LNDCP01HINOE,2021,0.0694
REGION1,LNDCP01HINOE,2022,0.0625
REGION1,LNDCP01HINOE,2023,0.0556
REGION1,LNDCP01HINOE,2024,0.0486
REGION1,LNDCP01HINOE,2025,0.0417
REGION1,LNDCP01HINOE,2026,0.0354
REGION1,LNDCP01HINOE,2027,0.0301
REGION1,LNDCP01HINOE,2028,0.0256
REGION1,LNDCP01HINOE,2029,0.0218
REGION1,LNDCP01HINOE,2030,0.0185
REGION1,LNDCP01HINOW,2016,0.137
REGION1,LNDCP01HINOW,2017,0.1279
REGION1,LNDCP01HINOW,2018,0.1187
REGION1,LNDCP01HINOW,2019,0.1096
REGION1,LNDCP01HINOW,2020,0.1005
REGION1,LNDCP01HINOW,2021,0.0913
REGION1,LNDCP01HINOW,2022,0.0822
REGION1,LNDCP01HINOW,2023,0.0731
REGION1,LNDCP01HINOW,2024,0.0639
REGION1,LNDCP01HINOW,2025,0.0548
REGION1,LNDCP01HINOW,2026,0.0466
REGION1,LNDCP01HINOW,2027,0.0396
REGION1,LNDCP01HINOW,2028,0.0337
REGION1,LNDCP01HINOW,2029,0.0286
REGION1,LNDCP01HINOW,2030,0.0243
REGION1,LNDCP01HIRRD,2016,0.0585
REGION1,LNDCP01HIRRD,2017,0.0546
REGION1,LNDCP01HIRRD,2018,0.0507
REGION1,LNDCP01HIRRD,2019,0.0468
REGION1,LNDCP01HIRRD,2020,0.0429
REGION1,LNDCP01HIRRD,2021,0.039
REGION1,LNDCP01HIRRD,2022,0.0351
REGION1,LNDCP01HIRRD,2023,0.0312
REGION1,LNDCP01HIRRD,2024,0.0273
REGION1,LNDCP01HIRRD,2025,0.0234
REGION1,LNDCP01HIRRD,2026,0.0199
REGION1,LNDCP01HIRRD,2027,0.0169
REGION1,LNDCP01HIRRD,2028,0.0144
REGION1,LNDCP01HIRRD,2029,0.0122
REGION1,LNDCP01HIRRD,2030,0.0104
REGION1,LNDCP01HISOC,2016,0.2042
REGION1,LNDCP01HISOC,2017,0.1906
REGION1,LNDCP01HISOC,2018,0.177
REGION1,LNDCP01HISOC,2019,0.1923
REGION1,LNDCP01HISOC,2020,0.2211
REGION1,LNDCP01HISOC,2021,0.2543
REGION1,LNDCP01HISOC,2022,0.2924
REGION1,LNDCP01HISOC,2023,0.2788
REGION1,LNDCP01HISOC,2024,0.2652
REGION1,LNDCP01HISOC,2025,0.2516
REGION1,LNDCP01HISOC,2026,0.238
REGION1,LNDCP01HISOC,2027,0.2243
REGION1,LNDCP01HISOC,2028,0.2107
REGION1,LNDCP01HISOC,2029,0.1971
REGION1,LNDCP01HISOC,2030,0.1835
REGION1,LNDCP01HISOE,2016,0.1139
REGION1,LNDCP01HISOE,2017,0.1063
REGION1,LNDCP01HISOE,2018,0.0987
REGION1,LNDCP01HISOE,2019,0.0911
REGION1,LNDCP01HISOE,2020,0.0886
REGION1,LNDCP01HISOE,2021,0.081
REGION1,LNDCP01HISOE,2022,0.0734
REGION1,LNDCP01HISOE,2023,0.0658
REGION1,LNDCP01HISOE,2024,0.0582
REGION1,LNDCP01HISOE,2025,0.0506
REGION1,LNDCP01HISOE,2026,0.043
REGION1,LNDCP01HISOE,2027,0.0366
REGION1,LNDCP01HISOE,2028,0.0311
REGION1,LNDCP01HISOE,2029,0.0264
REGION1,LNDCP01HISOE,2030,0.0225
REGION1,LNDCP01HRMRD,2016,0.3695
REGION1,LNDCP01HRMRD,2017,0.4249
REGION1,LNDCP01HRMRD,2018,0.4003
REGION1,LNDCP01HRMRD,2019,0.3757
REGION1,LNDCP01HRMRD,2020,0.351
REGION1,LNDCP01HRMRD,2021,0.3264
REGION1,LNDCP01HRMRD,2022,0.3018
REGION1,LNDCP01HRMRD,2023,0.2771
REGION1,LNDCP01HRMRD,2024,0.2525
REGION1,LNDCP01HRMRD,2025,0.2279
REGION1,LNDCP01HRMRD,2026,0.2032
REGION1,LNDCP01HRMRD,2027,0.1786
REGION1,LNDCP01HRMRD,2028,0.154
REGION1,LNDCP01HRMRD,2029,0.1309
REGION1,LNDCP01HRMRD,2030,0.1112
REGION1,LNDCP01HRNOC,2016,0.4011
REGION1,LNDCP01HRNOC,2017,0.4612
REGION1,LNDCP01HRNOC,2018,0.5304
REGION1,LNDCP01HRNOC,2019,0.61
REGION1,LNDCP01HRNOC,2020,0.7015
REGION1,LNDCP01HRNOC,2021,0.8067
REGION1,LNDCP01HRNOC,2022,0.9277
REGION1,LNDCP01HRNOC,2023,1.0669
REGION1,LNDCP01HRNOC,2024,1.2269
REGION1,LNDCP01HRNOC,2025,1.411
REGION1,LNDCP01HRNOC,2026,1.6226
REGION1,LNDCP01HRNOC,2027,1.866
REGION1,LNDCP01HRNOC,2028,2.1459
REGION1,LNDCP01HRNOC,2029,2.4678
REGION1,LNDCP01HRNOC,2030,2.7407
REGION1,LNDCP01HRNOE,2016,0.3619
REGION1,LNDCP01HRNOE,2017,0.3378
REGION1,LNDCP01HRNOE,2018,0.3137
REGION1,LNDCP01HRNOE,2019,0.2896
REGION1,LNDCP01HRNOE,2020,0.2654
REGION1,LNDCP01HRNOE,2021,0.2764
REGION1,LNDCP01HRNOE,2022,0.2522
REGION1,LNDCP01HRNOE,2023,0.2281
REGION1,LNDCP01HRNOE,2024,0.204
REGION1,LNDCP01HRNOE,2025,0.1799
REGION1,LNDCP01HRNOE,2026,0.1557
REGION1,LNDCP01HRNOE,2027,0.1652
REGION1,LNDCP01HRNOE,2028,0.1597
REGION1,LNDCP01HRNOE,2029,0.1836
REGION1,LNDCP01HRNOE,2030,0.1595
REGION1,LNDCP01HRNOW,2016,0.4759
REGION1,LNDCP01HRNOW,2017,0.4442
REGION1,LNDCP01HRNOW,2018,0.4125
REGION1,LNDCP01HRNOW,2019,0.3808
REGION1,LNDCP01HRNOW,2020,0.4379
REGION1,LNDCP01HRNOW,2021,0.5036
REGION1,LNDCP01HRNOW,2022,0.5242
REGION1,LNDCP01HRNOW,2023,0.4925
REGION1,LNDCP01HRNOW,2024,0.4607
REGION1,LNDCP01HRNOW,2025,0.429
REGION1,LNDCP01HRNOW,2026,0.3973
REGION1,LNDCP01HRNOW,2027,0.4569
REGION1,LNDCP01HRNOW,2028,0.5254
REGION1,LNDCP01HRNOW,2029,0.6042
REGION1,LNDCP01HRNOW,2030,0.6776
REGION1,LNDCP01HRRRD,2016,0.2033
REGION1,LNDCP01HRRRD,2017,0.1897
REGION1,LNDCP01HRRRD,2018,0.1762
REGION1,LNDCP01HRRRD,2019,0.1626
REGION1,LNDCP01HRRRD,2020,0.1491
REGION1,LNDCP01HRRRD,2021,0.1355
REGION1,LNDCP01HRRRD,2022,0.122
REGION1,LNDCP01HRRRD,2023,0.1084
REGION1,LNDCP01HRRRD,2024,0.0949
REGION1,LNDCP01HRRRD,2025,0.0813
REGION1,LNDCP01HRRRD,2026,0.0691
REGION1,LNDCP01HRRRD,2027,0.0588
REGION1,LNDCP01HRRRD,2028,0.0499
REGION1,LNDCP01HRRRD,2029,0.0424
REGION1,LNDCP01HRRRD,2030,0.0361
REGION1,LNDCP01HRSOC,2016,0.7095
REGION1,LNDCP01HRSOC,2017,0.7832
REGION1,LNDCP01HRSOC,2018,0.9006
REGION1,LNDCP01HRSOC,2019,1.0357
REGION1,LNDCP01HRSOC,2020,1.1911
REGION1,LNDCP01HRSOC,2021,1.3698
REGION1,LNDCP01HRSOC,2022,1.5752
REGION1,LNDCP01HRSOC,2023,1.8115
REGION1,LNDCP01HRSOC,2024,2.0832
REGION1,LNDCP01HRSOC,2025,2.3269
REGION1,LNDCP01HRSOC,2026,2.5262
REGION1,LNDCP01HRSOC,2027,2.5693
REGION1,LNDCP01HRSOC,2028,2.5806
REGION1,LNDCP01HRSOC,2029,2.5339
REGION1,LNDCP01HRSOC,2030,2.4866
REGION1,LNDCP01HRSOE,2016,0.3956
REGION1,LNDCP01HRSOE,2017,0.3692
REGION1,LNDCP01HRSOE,2018,0.3428
REGION1,LNDCP01HRSOE,2019,0.3165
REGION1,LNDCP01HRSOE,2020,0.3258
REGION1,LNDCP01HRSOE,2021,0.2994
REGION1,LNDCP01HRSOE,2022,0.2731
REGION1,LNDCP01HRSOE,2023,0.2467
REGION1,LNDCP01HRSOE,2024,0.2203
REGION1,LNDCP01HRSOE,2025,0.194
REGION1,LNDCP01HRSOE,2026,0.1676
REGION1,LNDCP01HRSOE,2027,0.1424
REGION1,LNDCP01HRSOE,2028,0.1211
REGION1,LNDCP01HRSOE,2029,0.1029
REGION1,LNDCP01HRSOE,2030,0.0875
REGION1,LNDCP01IIMRD,2016,0.1063
REGION1,LNDCP01IIMRD,2017,0.0993
REGION1,LNDCP01IIMRD,2018,0.0922
REGION1,LNDCP01IIMRD,2019,0.0851
REGION1,LNDCP01IIMRD,2020,0.078
REGION1,LNDCP01IIMRD,2021,0.0709
REGION1,LNDCP01IIMRD,2022,0.0638
REGION1,LNDCP01IIMRD,2023,0.0567
REGION1,LNDCP01IIMRD,2024,0.0496
REGION1,LNDCP01IIMRD,2025,0.0425
REGION1,LNDCP01IIMRD,2026,0.0362
REGION1,LNDCP01IIMRD,2027,0.0307
REGION1,LNDCP01IIMRD,2028,0.0261
REGION1,LNDCP01IIMRD,2029,0.0222
REGION1,LNDCP01IIMRD,2030,0.0189
REGION1,LNDCP01IINOC,2016,0.1154
REGION1,LNDCP01IINOC,2017,0.1077
REGION1,LNDCP01IINOC,2018,0.1
REGION1,LNDCP01IINOC,2019,0.0924
REGION1,LNDCP01IINOC,2020,0.0847
REGION1,LNDCP01IINOC,2021,0.077
REGION1,LNDCP01IINOC,2022,0.0693
REGION1,LNDCP01IINOC,2023,0.0616
REGION1,LNDCP01IINOC,2024,0.0539
REGION1,LNDCP01IINOC,2025,0.0462
REGION1,LNDCP01IINOC,2026,0.0392
REGION1,LNDCP01IINOC,2027,0.0334
REGION1,LNDCP01IINOC,2028,0.0284
REGION1,LNDCP01IINOC,2029,0.0241
REGION1,LNDCP01IINOC,2030,0.0205
REGION1,LNDCP01IINOE,2016,0.0683
REGION1,LNDCP01IINOE,2017,0.0785
REGION1,LNDCP01IINOE,2018,0.0903
REGION1,LNDCP01IINOE,2019,0.0833
REGION1,LNDCP01IINOE,2020,0.0764
REGION1,LNDCP01IINOE,2021,0.0694
REGION1,LNDCP01IINOE,2022,0.0625
REGION1,LNDCP01IINOE,2023,0.0556
REGION1,LNDCP01IINOE,2024,0.0486
REGION1,LNDCP01IINOE,2025,0.0413
REGION1,LNDCP01IINOE,2026,0.0351
REGION1,LNDCP01IINOE,2027,0.0299
REGION1,LNDCP01IINOE,2028,0.0254
REGION1,LNDCP01IINOE,2029,0.0216
REGION1,LNDCP01IINOE,2030,0.0183
REGION1,LNDCP01IINOW,2016,0.0721
REGION1,LNDCP01IINOW,2017,0.0829
REGION1,LNDCP01IINOW,2018,0.0953
REGION1,LNDCP01IINOW,2019,0.1096
REGION1,LNDCP01IINOW,2020,0.1005
REGION1,LNDCP01IINOW,2021,0.0913
REGION1,LNDCP01IINOW,2022,0.0822
REGION1,LNDCP01IINOW,2023,0.0731
REGION1,LNDCP01IINOW,2024,0.0639
REGION1,LNDCP01IINOW,2025,0.0543
REGION1,LNDCP01IINOW,2026,0.0462
REGION1,LNDCP01IINOW,2027,0.0393
REGION1,LNDCP01IINOW,2028,0.0334
REGION1,LNDCP01IINOW,2029,0.0284
REGION1,LNDCP01IINOW,2030,0.0241
REGION1,LNDCP01IIRRD,2016,0.0585
REGION1,LNDCP01IIRRD,2017,0.0546
REGION1,LNDCP01IIRRD,2018,0.0507
REGION1,LNDCP01IIRRD,2019,0.0468
REGION1,LNDCP01IIRRD,2020,0.0429
REGION1,LNDCP01IIRRD,2021,0.039
REGION1,LNDCP01IIRRD,2022,0.0351
REGION1,LNDCP01IIRRD,2023,0.0312
REGION1,LNDCP01IIRRD,2024,0.0273
REGION1,LNDCP01IIRRD,2025,0.0232
REGION1,LNDCP01IIRRD,2026,0.0197
REGION1,LNDCP01IIRRD,2027,0.0168
REGION1,LNDCP01IIRRD,2028,0.0143
REGION1,LNDCP01IIRRD,2029,0.0121
REGION1,LNDCP01IIRRD,2030,0.0103
REGION1,LNDCP01IISOC,2016,0.1657
REGION1,LNDCP01IISOC,2017,0.1906
REGION1,LNDCP01IISOC,2018,0.177
REGION1,LNDCP01IISOC,2019,0.1634
REGION1,LNDCP01IISOC,2020,0.1497
REGION1,LNDCP01IISOC,2021,0.1361
REGION1,LNDCP01IISOC,2022,0.1225
REGION1,LNDCP01IISOC,2023,0.1089
REGION1,LNDCP01IISOC,2024,0.0953
REGION1,LNDCP01IISOC,2025,0.0817
REGION1,LNDCP01IISOC,2026,0.0694
REGION1,LNDCP01IISOC,2027,0.059
REGION1,LNDCP01IISOC,2028,0.0502
REGION1,LNDCP01IISOC,2029,0.0426
REGION1,LNDCP01IISOC,2030,0.0362
REGION1,LNDCP01IISOE,2016,0.1139
REGION1,LNDCP01IISOE,2017,0.1309
REGION1,LNDCP01IISOE,2018,0.1506
REGION1,LNDCP01IISOE,2019,0.1732
REGION1,LNDCP01IISOE,2020,0.1656
REGION1,LNDCP01IISOE,2021,0.158
REGION1,LNDCP01IISOE,2022,0.1504
REGION1,LNDCP01IISOE,2023,0.1428
REGION1,LNDCP01IISOE,2024,0.1352
REGION1,LNDCP01IISOE,2025,0.1276
REGION1,LNDCP01IISOE,2026,0.12
REGION1,LNDCP01IISOE,2027,0.1124
REGION1,LNDCP01IISOE,2028,0.1048
REGION1,LNDCP01IISOE,2029,0.0973
REGION1,LNDCP01IISOE,2030,0.0897
REGION1,LNDCP01IRMRD,2016,0.6437
REGION1,LNDCP01IRMRD,2017,0.6406
REGION1,LNDCP01IRMRD,2018,0.6376
REGION1,LNDCP01IRMRD,2019,0.6345
REGION1,LNDCP01IRMRD,2020,0.6314
REGION1,LNDCP01IRMRD,2021,0.6283
REGION1,LNDCP01IRMRD,2022,0.6252
REGION1,LNDCP01IRMRD,2023,0.6222
REGION1,LNDCP01IRMRD,2024,0.6191
REGION1,LNDCP01IRMRD,2025,0.616
REGION1,LNDCP01IRMRD,2026,0.6129
REGION1,LNDCP01IRMRD,2027,0.6099
REGION1,LNDCP01IRMRD,2028,0.6068
REGION1,LNDCP01IRMRD,2029,0.6037
REGION1,LNDCP01IRMRD,2030,0.6006
REGION1,LNDCP01IRNOC,2016,0.0501
REGION1,LNDCP01IRNOC,2017,0.0577
REGION1,LNDCP01IRNOC,2018,0.0663
REGION1,LNDCP01IRNOC,2019,0.0763
REGION1,LNDCP01IRNOC,2020,0.0877
REGION1,LNDCP01IRNOC,2021,0.1008
REGION1,LNDCP01IRNOC,2022,0.0975
REGION1,LNDCP01IRNOC,2023,0.0942
REGION1,LNDCP01IRNOC,2024,0.0908
REGION1,LNDCP01IRNOC,2025,0.0875
REGION1,LNDCP01IRNOC,2026,0.0841
REGION1,LNDCP01IRNOC,2027,0.0808
REGION1,LNDCP01IRNOC,2028,0.0774
REGION1,LNDCP01IRNOC,2029,0.0741
REGION1,LNDCP01IRNOC,2030,0.0708
REGION1,LNDCP01IRNOE,2016,0.0296
REGION1,LNDCP01IRNOE,2017,0.0341
REGION1,LNDCP01IRNOE,2018,0.0392
REGION1,LNDCP01IRNOE,2019,0.0362
REGION1,LNDCP01IRNOE,2020,0.0332
REGION1,LNDCP01IRNOE,2021,0.0302
REGION1,LNDCP01IRNOE,2022,0.0271
REGION1,LNDCP01IRNOE,2023,0.0241
REGION1,LNDCP01IRNOE,2024,0.0211
REGION1,LNDCP01IRNOE,2025,0.0181
REGION1,LNDCP01IRNOE,2026,0.0154
REGION1,LNDCP01IRNOE,2027,0.0131
REGION1,LNDCP01IRNOE,2028,0.0111
REGION1,LNDCP01IRNOE,2029,0.0094
REGION1,LNDCP01IRNOE,2030,0.008
REGION1,LNDCP01IRNOW,2016,0.0313
REGION1,LNDCP01IRNOW,2017,0.036
REGION1,LNDCP01IRNOW,2018,0.0414
REGION1,LNDCP01IRNOW,2019,0.0476
REGION1,LNDCP01IRNOW,2020,0.0436
REGION1,LNDCP01IRNOW,2021,0.0397
REGION1,LNDCP01IRNOW,2022,0.0357
REGION1,LNDCP01IRNOW,2023,0.0317
REGION1,LNDCP01IRNOW,2024,0.0278
REGION1,LNDCP01IRNOW,2025,0.0236
REGION1,LNDCP01IRNOW,2026,0.0201
REGION1,LNDCP01IRNOW,2027,0.0171
REGION1,LNDCP01IRNOW,2028,0.0145
REGION1,LNDCP01IRNOW,2029,0.0123
REGION1,LNDCP01IRNOW,2030,0.0105
REGION1,LNDCP01IRRRD,2016,0.0254
REGION1,LNDCP01IRRRD,2017,0.0237
REGION1,LNDCP01IRRRD,2018,0.022
REGION1,LNDCP01IRRRD,2019,0.0203
REGION1,LNDCP01IRRRD,2020,0.0186
REGION1,LNDCP01IRRRD,2021,0.0169
REGION1,LNDCP01IRRRD,2022,0.0152
REGION1,LNDCP01IRRRD,2023,0.0136
REGION1,LNDCP01IRRRD,2024,0.0119
REGION1,LNDCP01IRRRD,2025,0.0102
REGION1,LNDCP01IRRRD,2026,0.0086
REGION1,LNDCP01IRRRD,2027,0.0073
REGION1,LNDCP01IRRRD,2028,0.0062
REGION1,LNDCP01IRRRD,2029,0.0053
REGION1,LNDCP01IRRRD,2030,0.0045
REGION1,LNDCP01IRSOC,2016,0.072
REGION1,LNDCP01IRSOC,2017,0.0828
REGION1,LNDCP01IRSOC,2018,0.0769
REGION1,LNDCP01IRSOC,2019,0.0884
REGION1,LNDCP01IRSOC,2020,0.1016
REGION1,LNDCP01IRSOC,2021,0.1169
REGION1,LNDCP01IRSOC,2022,0.1344
REGION1,LNDCP01IRSOC,2023,0.1285
REGION1,LNDCP01IRSOC,2024,0.1226
REGION1,LNDCP01IRSOC,2025,0.1167
REGION1,LNDCP01IRSOC,2026,0.1108
REGION1,LNDCP01IRSOC,2027,0.1049
REGION1,LNDCP01IRSOC,2028,0.099
REGION1,LNDCP01IRSOC,2029,0.093
REGION1,LNDCP01IRSOC,2030,0.0871
REGION1,LNDCP01IRSOE,2016,0.0494
REGION1,LNDCP01IRSOE,2017,0.0569
REGION1,LNDCP01IRSOE,2018,0.0654
REGION1,LNDCP01IRSOE,2019,0.0752
REGION1,LNDCP01IRSOE,2020,0.0719
REGION1,LNDCP01IRSOE,2021,0.0686
REGION1,LNDCP01IRSOE,2022,0.0653
REGION1,LNDCP01IRSOE,2023,0.062
REGION1,LNDCP01IRSOE,2024,0.0587
REGION1,LNDCP01IRSOE,2025,0.0554
REGION1,LNDCP01IRSOE,2026,0.0521
REGION1,LNDCP01IRSOE,2027,0.0488
REGION1,LNDCP01IRSOE,2028,0.0455
REGION1,LNDCP01IRSOE,2029,0.0422
REGION1,LNDCP01IRSOE,2030,0.0389
REGION1,LNDCP01LRMRD,2016,0.1691
REGION1,LNDCP01LRMRD,2017,0.166
REGION1,LNDCP01LRMRD,2018,0.1629
REGION1,LNDCP01LRMRD,2019,0.1599
REGION1,LNDCP01LRMRD,2020,0.1568
REGION1,LNDCP01LRMRD,2021,0.1333
REGION1,LNDCP01LRMRD,2022,0.1283
REGION1,LNDCP01LRMRD,2023,0.1475
REGION1,LNDCP01LRMRD,2024,0.14
REGION1,LNDCP01LRMRD,2025,0.1414
REGION1,LNDCP01LRMRD,2026,0.1383
REGION1,LNDCP01LRMRD,2027,0.1352
REGION1,LNDCP01LRMRD,2028,0.1321
REGION1,LNDCP01LRMRD,2029,0.1123
REGION1,LNDCP01LRMRD,2030,0.0955
REGION1,LNDCP01LRNOC,2016,0.0407
REGION1,LNDCP01LRNOC,2017,0.0468
REGION1,LNDCP01LRNOC,2018,0.0538
REGION1,LNDCP01LRNOC,2019,0.0505
REGION1,LNDCP01LRNOC,2020,0.0471
REGION1,LNDCP01LRNOC,2021,0.0438
REGION1,LNDCP01LRNOC,2022,0.0404
REGION1,LNDCP01LRNOC,2023,0.0371
REGION1,LNDCP01LRNOC,2024,0.0338
REGION1,LNDCP01LRNOC,2025,0.0304
REGION1,LNDCP01LRNOC,2026,0.0271
REGION1,LNDCP01LRNOC,2027,0.0236
REGION1,LNDCP01LRNOC,2028,0.0201
REGION1,LNDCP01LRNOC,2029,0.017
REGION1,LNDCP01LRNOC,2030,0.0145
REGION1,LNDCP01LRNOE,2016,0.0133
REGION1,LNDCP01LRNOE,2017,0.0153
REGION1,LNDCP01LRNOE,2018,0.0176
REGION1,LNDCP01LRNOE,2019,0.0202
REGION1,LNDCP01LRNOE,2020,0.0233
REGION1,LNDCP01LRNOE,2021,0.0209
REGION1,LNDCP01LRNOE,2022,0.024
REGION1,LNDCP01LRNOE,2023,0.0204
REGION1,LNDCP01LRNOE,2024,0.0173
REGION1,LNDCP01LRNOE,2025,0.0147
REGION1,LNDCP01LRNOE,2026,0.0125
REGION1,LNDCP01LRNOE,2027,0.0106
REGION1,LNDCP01LRNOE,2028,0.009
REGION1,LNDCP01LRNOE,2029,0.0077
REGION1,LNDCP01LRNOE,2030,0.0065
REGION1,LNDCP01LRNOW,2016,0.0145
REGION1,LNDCP01LRNOW,2017,0.0166
REGION1,LNDCP01LRNOW,2018,0.0191
REGION1,LNDCP01LRNOW,2019,0.022
REGION1,LNDCP01LRNOW,2020,0.0253
REGION1,LNDCP01LRNOW,2021,0.0291
REGION1,LNDCP01LRNOW,2022,0.0247
REGION1,LNDCP01LRNOW,2023,0.021
REGION1,LNDCP01LRNOW,2024,0.0179
REGION1,LNDCP01LRNOW,2025,0.0152
REGION1,LNDCP01LRNOW,2026,0.0129
REGION1,LNDCP01LRNOW,2027,0.011
REGION1,LNDCP01LRNOW,2028,0.0093
REGION1,LNDCP01LRNOW,2029,0.0079
REGION1,LNDCP01LRNOW,2030,0.0067
REGION1,LNDCP01LRRRD,2016,0.0254
REGION1,LNDCP01LRRRD,2017,0.0237
REGION1,LNDCP01LRRRD,2018,0.022
REGION1,LNDCP01LRRRD,2019,0.0203
REGION1,LNDCP01LRRRD,2020,0.0186
REGION1,LNDCP01LRRRD,2021,0.0158
REGION1,LNDCP01LRRRD,2022,0.0135
REGION1,LNDCP01LRRRD,2023,0.0114
REGION1,LNDCP01LRRRD,2024,0.0097
REGION1,LNDCP01LRRRD,2025,0.0083
REGION1,LNDCP01LRRRD,2026,0.007
REGION1,LNDCP01LRRRD,2027,0.006
REGION1,LNDCP01LRRRD,2028,0.0051
REGION1,LNDCP01LRRRD,2029,0.0043
REGION1,LNDCP01LRRRD,2030,0.0037
REGION1,LNDCP01LRSOC,2016,0.0466
REGION1,LNDCP01LRSOC,2017,0.0536
REGION1,LNDCP01LRSOC,2018,0.0617
REGION1,LNDCP01LRSOC,2019,0.0709
REGION1,LNDCP01LRSOC,2020,0.065
REGION1,LNDCP01LRSOC,2021,0.0591
REGION1,LNDCP01LRSOC,2022,0.0532
REGION1,LNDCP01LRSOC,2023,0.0473
REGION1,LNDCP01LRSOC,2024,0.0402
REGION1,LNDCP01LRSOC,2025,0.0342
REGION1,LNDCP01LRSOC,2026,0.029
REGION1,LNDCP01LRSOC,2027,0.0247
REGION1,LNDCP01LRSOC,2028,0.021
REGION1,LNDCP01LRSOC,2029,0.0178
REGION1,LNDCP01LRSOC,2030,0.0152
REGION1,LNDCP01LRSOE,2016,0.0494
REGION1,LNDCP01LRSOE,2017,0.0569
REGION1,LNDCP01LRSOE,2018,0.0654
REGION1,LNDCP01LRSOE,2019,0.0752
REGION1,LNDCP01LRSOE,2020,0.0719
REGION1,LNDCP01LRSOE,2021,0.0686
REGION1,LNDCP01LRSOE,2022,0.0653
REGION1,LNDCP01LRSOE,2023,0.062
REGION1,LNDCP01LRSOE,2024,0.0587
REGION1,LNDCP01LRSOE,2025,0.0554
REGION1,LNDCP01LRSOE,2026,0.0521
REGION1,LNDCP01LRSOE,2027,0.0488
REGION1,LNDCP01LRSOE,2028,0.0455
REGION1,LNDCP01LRSOE,2029,0.0422
REGION1,LNDCP01LRSOE,2030,0.0389
REGION1,LNDCP02HIMRD,2016,0.1644
REGION1,LNDCP02HIMRD,2017,0.1535
REGION1,LNDCP02HIMRD,2018,0.1425
REGION1,LNDCP02HIMRD,2019,0.1315
REGION1,LNDCP02HIMRD,2020,0.1206
REGION1,LNDCP02HIMRD,2021,0.1096
REGION1,LNDCP02HIMRD,2022,0.0987
REGION1,LNDCP02HIMRD,2023,0.0877
REGION1,LNDCP02HIMRD,2024,0.0767
REGION1,LNDCP02HIMRD,2025,0.0658
REGION1,LNDCP02HIMRD,2026,0.0559
REGION1,LNDCP02HIMRD,2027,0.0475
REGION1,LNDCP02HIMRD,2028,0.0404
REGION1,LNDCP02HIMRD,2029,0.0343
REGION1,LNDCP02HIMRD,2030,0.0292
REGION1,LNDCP02HINOC,2016,0.1785
REGION1,LNDCP02HINOC,2017,0.2053
REGION1,LNDCP02HINOC,2018,0.236
REGION1,LNDCP02HINOC,2019,0.2715
REGION1,LNDCP02HINOC,2020,0.3122
REGION1,LNDCP02HINOC,2021,0.3128
REGION1,LNDCP02HINOC,2022,0.3009
REGION1,LNDCP02HINOC,2023,0.289
REGION1,LNDCP02HINOC,2024,0.2771
REGION1,LNDCP02HINOC,2025,0.2652
REGION1,LNDCP02HINOC,2026,0.2533
REGION1,LNDCP02HINOC,2027,0.2414
REGION1,LNDCP02HINOC,2028,0.2295
REGION1,LNDCP02HINOC,2029,0.2176
REGION1,LNDCP02HINOC,2030,0.2057
REGION1,LNDCP02HINOE,2016,0.1611
REGION1,LNDCP02HINOE,2017,0.1503
REGION1,LNDCP02HINOE,2018,0.1396
REGION1,LNDCP02HINOE,2019,0.1289
REGION1,LNDCP02HINOE,2020,0.1181
REGION1,LNDCP02HINOE,2021,0.1074
REGION1,LNDCP02HINOE,2022,0.0966
REGION1,LNDCP02HINOE,2023,0.0859
REGION1,LNDCP02HINOE,2024,0.0752
REGION1,LNDCP02HINOE,2025,0.0644
REGION1,LNDCP02HINOE,2026,0.0548
REGION1,LNDCP02HINOE,2027,0.0465
REGION1,LNDCP02HINOE,2028,0.0396
REGION1,LNDCP02HINOE,2029,0.0336
REGION1,LNDCP02HINOE,2030,0.0286
REGION1,LNDCP02HINOW,2016,0.2118
REGION1,LNDCP02HINOW,2017,0.1977
REGION1,LNDCP02HINOW,2018,0.1836
REGION1,LNDCP02HINOW,2019,0.1694
REGION1,LNDCP02HINOW,2020,0.1553
REGION1,LNDCP02HINOW,2021,0.1412
REGION1,LNDCP02HINOW,2022,0.1271
REGION1,LNDCP02HINOW,2023,0.113
REGION1,LNDCP02HINOW,2024,0.0988
REGION1,LNDCP02HINOW,2025,0.0847
REGION1,LNDCP02HINOW,2026,0.072
REGION1,LNDCP02HINOW,2027,0.0612
REGION1,LNDCP02HINOW,2028,0.052
REGION1,LNDCP02HINOW,2029,0.0442
REGION1,LNDCP02HINOW,2030,0.0376
REGION1,LNDCP02HIRRD,2016,0.0905
REGION1,LNDCP02HIRRD,2017,0.0844
REGION1,LNDCP02HIRRD,2018,0.0784
REGION1,LNDCP02HIRRD,2019,0.0724
REGION1,LNDCP02HIRRD,2020,0.0663
REGION1,LNDCP02HIRRD,2021,0.0603
REGION1,LNDCP02HIRRD,2022,0.0543
REGION1,LNDCP02HIRRD,2023,0.0482
REGION1,LNDCP02HIRRD,2024,0.0422
REGION1,LNDCP02HIRRD,2025,0.0362
REGION1,LNDCP02HIRRD,2026,0.0308
REGION1,LNDCP02HIRRD,2027,0.0261
REGION1,LNDCP02HIRRD,2028,0.0222
REGION1,LNDCP02HIRRD,2029,0.0189
REGION1,LNDCP02HIRRD,2030,0.0161
REGION1,LNDCP02HISOC,2016,0.3157
REGION1,LNDCP02HISOC,2017,0.3631
REGION1,LNDCP02HISOC,2018,0.4175
REGION1,LNDCP02HISOC,2019,0.4802
REGION1,LNDCP02HISOC,2020,0.5522
REGION1,LNDCP02HISOC,2021,0.635
REGION1,LNDCP02HISOC,2022,0.7303
REGION1,LNDCP02HISOC,2023,0.8398
REGION1,LNDCP02HISOC,2024,0.8501
REGION1,LNDCP02HISOC,2025,0.829
REGION1,LNDCP02HISOC,2026,0.808
REGION1,LNDCP02HISOC,2027,0.7869
REGION1,LNDCP02HISOC,2028,0.7659
REGION1,LNDCP02HISOC,2029,0.7448
REGION1,LNDCP02HISOC,2030,0.7238
REGION1,LNDCP02HISOE,2016,0.176
REGION1,LNDCP02HISOE,2017,0.2024
REGION1,LNDCP02HISOE,2018,0.2328
REGION1,LNDCP02HISOE,2019,0.2677
REGION1,LNDCP02HISOE,2020,0.3079
REGION1,LNDCP02HISOE,2021,0.3541
REGION1,LNDCP02HISOE,2022,0.4017
REGION1,LNDCP02HISOE,2023,0.3899
REGION1,LNDCP02HISOE,2024,0.3782
REGION1,LNDCP02HISOE,2025,0.4349
REGION1,LNDCP02HISOE,2026,0.5001
REGION1,LNDCP02HISOE,2027,0.5752
REGION1,LNDCP02HISOE,2028,0.6614
REGION1,LNDCP02HISOE,2029,0.7499
REGION1,LNDCP02HISOE,2030,0.7792
REGION1,LNDCP02HRMRD,2016,0.3502
REGION1,LNDCP02HRMRD,2017,0.3269
REGION1,LNDCP02HRMRD,2018,0.3035
REGION1,LNDCP02HRMRD,2019,0.2802
REGION1,LNDCP02HRMRD,2020,0.2568
REGION1,LNDCP02HRMRD,2021,0.2335
REGION1,LNDCP02HRMRD,2022,0.2101
REGION1,LNDCP02HRMRD,2023,0.1868
REGION1,LNDCP02HRMRD,2024,0.1634
REGION1,LNDCP02HRMRD,2025,0.1401
REGION1,LNDCP02HRMRD,2026,0.1191
REGION1,LNDCP02HRMRD,2027,0.1012
REGION1,LNDCP02HRMRD,2028,0.086
REGION1,LNDCP02HRMRD,2029,0.0731
REGION1,LNDCP02HRMRD,2030,0.0622
REGION1,LNDCP02HRNOC,2016,0.3802
REGION1,LNDCP02HRNOC,2017,0.4372
REGION1,LNDCP02HRNOC,2018,0.5028
REGION1,LNDCP02HRNOC,2019,0.5782
REGION1,LNDCP02HRNOC,2020,0.6649
REGION1,LNDCP02HRNOC,2021,0.7646
REGION1,LNDCP02HRNOC,2022,0.8793
REGION1,LNDCP02HRNOC,2023,1.0112
REGION1,LNDCP02HRNOC,2024,1.1629
REGION1,LNDCP02HRNOC,2025,1.3374
REGION1,LNDCP02HRNOC,2026,1.538
REGION1,LNDCP02HRNOC,2027,1.7687
REGION1,LNDCP02HRNOC,2028,2.034
REGION1,LNDCP02HRNOC,2029,2.339
REGION1,LNDCP02HRNOC,2030,2.6899
REGION1,LNDCP02HRNOE,2016,0.3431
REGION1,LNDCP02HRNOE,2017,0.3202
REGION1,LNDCP02HRNOE,2018,0.2973
REGION1,LNDCP02HRNOE,2019,0.2744
REGION1,LNDCP02HRNOE,2020,0.2516
REGION1,LNDCP02HRNOE,2021,0.2287
REGION1,LNDCP02HRNOE,2022,0.2058
REGION1,LNDCP02HRNOE,2023,0.183
REGION1,LNDCP02HRNOE,2024,0.1601
REGION1,LNDCP02HRNOE,2025,0.1372
REGION1,LNDCP02HRNOE,2026,0.1166
REGION1,LNDCP02HRNOE,2027,0.0991
REGION1,LNDCP02HRNOE,2028,0.0843
REGION1,LNDCP02HRNOE,2029,0.0716
REGION1,LNDCP02HRNOE,2030,0.0609
REGION1,LNDCP02HRNOW,2016,0.4511
REGION1,LNDCP02HRNOW,2017,0.421
REGION1,LNDCP02HRNOW,2018,0.391
REGION1,LNDCP02HRNOW,2019,0.3609
REGION1,LNDCP02HRNOW,2020,0.3308
REGION1,LNDCP02HRNOW,2021,0.3007
REGION1,LNDCP02HRNOW,2022,0.2707
REGION1,LNDCP02HRNOW,2023,0.2406
REGION1,LNDCP02HRNOW,2024,0.2105
REGION1,LNDCP02HRNOW,2025,0.1804
REGION1,LNDCP02HRNOW,2026,0.1534
REGION1,LNDCP02HRNOW,2027,0.1304
REGION1,LNDCP02HRNOW,2028,0.1108
REGION1,LNDCP02HRNOW,2029,0.0942
REGION1,LNDCP02HRNOW,2030,0.0801
REGION1,LNDCP02HRRRD,2016,0.1927
REGION1,LNDCP02HRRRD,2017,0.2216
REGION1,LNDCP02HRRRD,2018,0.2087
REGION1,LNDCP02HRRRD,2019,0.1959
REGION1,LNDCP02HRRRD,2020,0.183
REGION1,LNDCP02HRRRD,2021,0.1702
REGION1,LNDCP02HRRRD,2022,0.1574
REGION1,LNDCP02HRRRD,2023,0.1445
REGION1,LNDCP02HRRRD,2024,0.1317
REGION1,LNDCP02HRRRD,2025,0.1188
REGION1,LNDCP02HRRRD,2026,0.106
REGION1,LNDCP02HRRRD,2027,0.0931
REGION1,LNDCP02HRRRD,2028,0.0803
REGION1,LNDCP02HRRRD,2029,0.0682
REGION1,LNDCP02HRRRD,2030,0.058
REGION1,LNDCP02HRSOC,2016,0.6724
REGION1,LNDCP02HRSOC,2017,0.7733
REGION1,LNDCP02HRSOC,2018,0.8893
REGION1,LNDCP02HRSOC,2019,1.0227
REGION1,LNDCP02HRSOC,2020,1.1761
REGION1,LNDCP02HRSOC,2021,1.3525
REGION1,LNDCP02HRSOC,2022,1.5554
REGION1,LNDCP02HRSOC,2023,1.7887
REGION1,LNDCP02HRSOC,2024,2.057
REGION1,LNDCP02HRSOC,2025,2.3046
REGION1,LNDCP02HRSOC,2026,2.4706
REGION1,LNDCP02HRSOC,2027,2.5762
REGION1,LNDCP02HRSOC,2028,2.6188
REGION1,LNDCP02HRSOC,2029,2.5739
REGION1,LNDCP02HRSOC,2030,2.5291
REGION1,LNDCP02HRSOE,2016,0.375
REGION1,LNDCP02HRSOE,2017,0.4312
REGION1,LNDCP02HRSOE,2018,0.4959
REGION1,LNDCP02HRSOE,2019,0.4826
REGION1,LNDCP02HRSOE,2020,0.4992
REGION1,LNDCP02HRSOE,2021,0.5496
REGION1,LNDCP02HRSOE,2022,0.5246
REGION1,LNDCP02HRSOE,2023,0.4996
REGION1,LNDCP02HRSOE,2024,0.4746
REGION1,LNDCP02HRSOE,2025,0.4496
REGION1,LNDCP02HRSOE,2026,0.4246
REGION1,LNDCP02HRSOE,2027,0.3996
REGION1,LNDCP02HRSOE,2028,0.3746
REGION1,LNDCP02HRSOE,2029,0.3496
REGION1,LNDCP02HRSOE,2030,0.3246
REGION1,LNDCP02IIMRD,2016,0.1644
REGION1,LNDCP02IIMRD,2017,0.1535
REGION1,LNDCP02IIMRD,2018,0.1425
REGION1,LNDCP02IIMRD,2019,0.1315
REGION1,LNDCP02IIMRD,2020,0.1206
REGION1,LNDCP02IIMRD,2021,0.1096
REGION1,LNDCP02IIMRD,2022,0.0987
REGION1,LNDCP02IIMRD,2023,0.0877
REGION1,LNDCP02IIMRD,2024,0.0767
REGION1,LNDCP02IIMRD,2025,0.0652
REGION1,LNDCP02IIMRD,2026,0.0554
REGION1,LNDCP02IIMRD,2027,0.0471
REGION1,LNDCP02IIMRD,2028,0.0401
REGION1,LNDCP02IIMRD,2029,0.034
REGION1,LNDCP02IIMRD,2030,0.0289
REGION1,LNDCP02IINOC,2016,0.1785
REGION1,LNDCP02IINOC,2017,0.1666
REGION1,LNDCP02IINOC,2018,0.1547
REGION1,LNDCP02IINOC,2019,0.1428
REGION1,LNDCP02IINOC,2020,0.1309
REGION1,LNDCP02IINOC,2021,0.119
REGION1,LNDCP02IINOC,2022,0.1071
REGION1,LNDCP02IINOC,2023,0.0952
REGION1,LNDCP02IINOC,2024,0.0833
REGION1,LNDCP02IINOC,2025,0.0714
REGION1,LNDCP02IINOC,2026,0.0607
REGION1,LNDCP02IINOC,2027,0.0516
REGION1,LNDCP02IINOC,2028,0.0438
REGION1,LNDCP02IINOC,2029,0.0373
REGION1,LNDCP02IINOC,2030,0.0317
REGION1,LNDCP02IINOE,2016,0.1611
REGION1,LNDCP02IINOE,2017,0.1369
REGION1,LNDCP02IINOE,2018,0.1396
REGION1,LNDCP02IINOE,2019,0.1289
REGION1,LNDCP02IINOE,2020,0.1181
REGION1,LNDCP02IINOE,2021,0.1074
REGION1,LNDCP02IINOE,2022,0.0966
REGION1,LNDCP02IINOE,2023,0.0859
REGION1,LNDCP02IINOE,2024,0.0743
REGION1,LNDCP02IINOE,2025,0.0632
REGION1,LNDCP02IINOE,2026,0.0537
REGION1,LNDCP02IINOE,2027,0.0456
REGION1,LNDCP02IINOE,2028,0.0388
REGION1,LNDCP02IINOE,2029,0.033
REGION1,LNDCP02IINOE,2030,0.028
REGION1,LNDCP02IINOW,2016,0.2118
REGION1,LNDCP02IINOW,2017,0.1977
REGION1,LNDCP02IINOW,2018,0.1836
REGION1,LNDCP02IINOW,2019,0.1694
REGION1,LNDCP02IINOW,2020,0.1553
REGION1,LNDCP02IINOW,2021,0.1412
REGION1,LNDCP02IINOW,2022,0.1271
REGION1,LNDCP02IINOW,2023,0.113
REGION1,LNDCP02IINOW,2024,0.0988
REGION1,LNDCP02IINOW,2025,0.084
REGION1,LNDCP02IINOW,2026,0.0714
REGION1,LNDCP02IINOW,2027,0.0607
REGION1,LNDCP02IINOW,2028,0.0516
REGION1,LNDCP02IINOW,2029,0.0439
REGION1,LNDCP02IINOW,2030,0.0373
REGION1,LNDCP02IIRRD,2016,0.0905
REGION1,LNDCP02IIRRD,2017,0.0844
REGION1,LNDCP02IIRRD,2018,0.0784
REGION1,LNDCP02IIRRD,2019,0.0724
REGION1,LNDCP02IIRRD,2020,0.0663
REGION1,LNDCP02IIRRD,2021,0.0603
REGION1,LNDCP02IIRRD,2022,0.0543
REGION1,LNDCP02IIRRD,2023,0.0482
REGION1,LNDCP02IIRRD,2024,0.0417
REGION1,LNDCP02IIRRD,2025,0.0355
REGION1,LNDCP02IIRRD,2026,0.0302
REGION1,LNDCP02IIRRD,2027,0.0256
REGION1,LNDCP02IIRRD,2028,0.0218
REGION1,LNDCP02IIRRD,2029,0.0185
REGION1,LNDCP02IIRRD,2030,0.0157
REGION1,LNDCP02IISOC,2016,0.3157
REGION1,LNDCP02IISOC,2017,0.2947
REGION1,LNDCP02IISOC,2018,0.2736
REGION1,LNDCP02IISOC,2019,0.2526
REGION1,LNDCP02IISOC,2020,0.2315
REGION1,LNDCP02IISOC,2021,0.2105
REGION1,LNDCP02IISOC,2022,0.1894
REGION1,LNDCP02IISOC,2023,0.1684
REGION1,LNDCP02IISOC,2024,0.1473
REGION1,LNDCP02IISOC,2025,0.1263
REGION1,LNDCP02IISOC,2026,0.1073
REGION1,LNDCP02IISOC,2027,0.0912
REGION1,LNDCP02IISOC,2028,0.0776
REGION1,LNDCP02IISOC,2029,0.0659
REGION1,LNDCP02IISOC,2030,0.056
REGION1,LNDCP02IISOE,2016,0.176
REGION1,LNDCP02IISOE,2017,0.1643
REGION1,LNDCP02IISOE,2018,0.1526
REGION1,LNDCP02IISOE,2019,0.1408
REGION1,LNDCP02IISOE,2020,0.1291
REGION1,LNDCP02IISOE,2021,0.1174
REGION1,LNDCP02IISOE,2022,0.1056
REGION1,LNDCP02IISOE,2023,0.0939
REGION1,LNDCP02IISOE,2024,0.0822
REGION1,LNDCP02IISOE,2025,0.0704
REGION1,LNDCP02IISOE,2026,0.0599
REGION1,LNDCP02IISOE,2027,0.0509
REGION1,LNDCP02IISOE,2028,0.0432
REGION1,LNDCP02IISOE,2029,0.0368
REGION1,LNDCP02IISOE,2030,0.0312
REGION1,LNDCP02IRMRD,2016,0.0438
REGION1,LNDCP02IRMRD,2017,0.0409
REGION1,LNDCP02IRMRD,2018,0.0379
REGION1,LNDCP02IRMRD,2019,0.035
REGION1,LNDCP02IRMRD,2020,0.0321
REGION1,LNDCP02IRMRD,2021,0.0292
REGION1,LNDCP02IRMRD,2022,0.0263
REGION1,LNDCP02IRMRD,2023,0.0233
REGION1,LNDCP02IRMRD,2024,0.0202
REGION1,LNDCP02IRMRD,2025,0.0172
REGION1,LNDCP02IRMRD,2026,0.0146
REGION1,LNDCP02IRMRD,2027,0.0124
REGION1,LNDCP02IRMRD,2028,0.0105
REGION1,LNDCP02IRMRD,2029,0.009
REGION1,LNDCP02IRMRD,2030,0.0076
REGION1,LNDCP02IRNOC,2016,0.1302
REGION1,LNDCP02IRNOC,2017,0.1324
REGION1,LNDCP02IRNOC,2018,0.1292
REGION1,LNDCP02IRNOC,2019,0.126
REGION1,LNDCP02IRNOC,2020,0.1229
REGION1,LNDCP02IRNOC,2021,0.1197
REGION1,LNDCP02IRNOC,2022,0.1165
REGION1,LNDCP02IRNOC,2023,0.1134
REGION1,LNDCP02IRNOC,2024,0.1102
REGION1,LNDCP02IRNOC,2025,0.107
REGION1,LNDCP02IRNOC,2026,0.1039
REGION1,LNDCP02IRNOC,2027,0.1007
REGION1,LNDCP02IRNOC,2028,0.0975
REGION1,LNDCP02IRNOC,2029,0.0944
REGION1,LNDCP02IRNOC,2030,0.0912
REGION1,LNDCP02IRNOE,2016,0.0429
REGION1,LNDCP02IRNOE,2017,0.0364
REGION1,LNDCP02IRNOE,2018,0.0372
REGION1,LNDCP02IRNOE,2019,0.0343
REGION1,LNDCP02IRNOE,2020,0.0314
REGION1,LNDCP02IRNOE,2021,0.0286
REGION1,LNDCP02IRNOE,2022,0.0257
REGION1,LNDCP02IRNOE,2023,0.0229
REGION1,LNDCP02IRNOE,2024,0.0198
REGION1,LNDCP02IRNOE,2025,0.0168
REGION1,LNDCP02IRNOE,2026,0.0143
REGION1,LNDCP02IRNOE,2027,0.0121
REGION1,LNDCP02IRNOE,2028,0.0103
REGION1,LNDCP02IRNOE,2029,0.0088
REGION1,LNDCP02IRNOE,2030,0.0075
REGION1,LNDCP02IRNOW,2016,0.0564
REGION1,LNDCP02IRNOW,2017,0.0526
REGION1,LNDCP02IRNOW,2018,0.0489
REGION1,LNDCP02IRNOW,2019,0.0451
REGION1,LNDCP02IRNOW,2020,0.0414
REGION1,LNDCP02IRNOW,2021,0.0376
REGION1,LNDCP02IRNOW,2022,0.0338
REGION1,LNDCP02IRNOW,2023,0.0301
REGION1,LNDCP02IRNOW,2024,0.0263
REGION1,LNDCP02IRNOW,2025,0.0224
REGION1,LNDCP02IRNOW,2026,0.019
REGION1,LNDCP02IRNOW,2027,0.0162
REGION1,LNDCP02IRNOW,2028,0.0137
REGION1,LNDCP02IRNOW,2029,0.0117
REGION1,LNDCP02IRNOW,2030,0.0099
REGION1,LNDCP02IRRRD,2016,0.0244
REGION1,LNDCP02IRRRD,2017,0.0228
REGION1,LNDCP02IRRRD,2018,0.0212
REGION1,LNDCP02IRRRD,2019,0.0196
REGION1,LNDCP02IRRRD,2020,0.018
REGION1,LNDCP02IRRRD,2021,0.0164
REGION1,LNDCP02IRRRD,2022,0.0148
REGION1,LNDCP02IRRRD,2023,0.0132
REGION1,LNDCP02IRRRD,2024,0.0116
REGION1,LNDCP02IRRRD,2025,0.0098
REGION1,LNDCP02IRRRD,2026,0.0084
REGION1,LNDCP02IRRRD,2027,0.0071
REGION1,LNDCP02IRRRD,2028,0.006
REGION1,LNDCP02IRRRD,2029,0.0051
REGION1,LNDCP02IRRRD,2030,0.0044
REGION1,LNDCP02IRSOC,2016,0.0841
REGION1,LNDCP02IRSOC,2017,0.0785
REGION1,LNDCP02IRSOC,2018,0.0728
REGION1,LNDCP02IRSOC,2019,0.0672
REGION1,LNDCP02IRSOC,2020,0.0616
REGION1,LNDCP02IRSOC,2021,0.056
REGION1,LNDCP02IRSOC,2022,0.0504
REGION1,LNDCP02IRSOC,2023,0.0448
REGION1,LNDCP02IRSOC,2024,0.0392
REGION1,LNDCP02IRSOC,2025,0.0336
REGION1,LNDCP02IRSOC,2026,0.0286
REGION1,LNDCP02IRSOC,2027,0.0243
REGION1,LNDCP02IRSOC,2028,0.0206
REGION1,LNDCP02IRSOC,2029,0.0176
REGION1,LNDCP02IRSOC,2030,0.0149
REGION1,LNDCP02IRSOE,2016,0.0469
REGION1,LNDCP02IRSOE,2017,0.0437
REGION1,LNDCP02IRSOE,2018,0.0406
REGION1,LNDCP02IRSOE,2019,0.0375
REGION1,LNDCP02IRSOE,2020,0.0344
REGION1,LNDCP02IRSOE,2021,0.0312
REGION1,LNDCP02IRSOE,2022,0.0281
REGION1,LNDCP02IRSOE,2023,0.025
REGION1,LNDCP02IRSOE,2024,0.0219
REGION1,LNDCP02IRSOE,2025,0.0187
REGION1,LNDCP02IRSOE,2026,0.0159
REGION1,LNDCP02IRSOE,2027,0.0135
REGION1,LNDCP02IRSOE,2028,0.0115
REGION1,LNDCP02IRSOE,2029,0.0098
REGION1,LNDCP02IRSOE,2030,0.0083
REGION1,LNDCP02LRMRD,2016,0.0438
REGION1,LNDCP02LRMRD,2017,0.0409
REGION1,LNDCP02LRMRD,2018,0.0379
REGION1,LNDCP02LRMRD,2019,0.035
REGION1,LNDCP02LRMRD,2020,0.0298
REGION1,LNDCP02LRMRD,2021,0.0253
REGION1,LNDCP02LRMRD,2022,0.0215
REGION1,LNDCP02LRMRD,2023,0.0183
REGION1,LNDCP02LRMRD,2024,0.0155
REGION1,LNDCP02LRMRD,2025,0.0132
REGION1,LNDCP02LRMRD,2026,0.0112
REGION1,LNDCP02LRMRD,2027,0.0095
REGION1,LNDCP02LRMRD,2028,0.0081
REGION1,LNDCP02LRMRD,2029,0.0069
REGION1,LNDCP02LRMRD,2030,0.0059
REGION1,LNDCP02LRNOC,2016,0.0386
REGION1,LNDCP02LRNOC,2017,0.0444
REGION1,LNDCP02LRNOC,2018,0.0412
REGION1,LNDCP02LRNOC,2019,0.038
REGION1,LNDCP02LRNOC,2020,0.0348
REGION1,LNDCP02LRNOC,2021,0.0296
REGION1,LNDCP02LRNOC,2022,0.0252
REGION1,LNDCP02LRNOC,2023,0.0214
REGION1,LNDCP02LRNOC,2024,0.0182
REGION1,LNDCP02LRNOC,2025,0.0155
REGION1,LNDCP02LRNOC,2026,0.0132
REGION1,LNDCP02LRNOC,2027,0.0112
REGION1,LNDCP02LRNOC,2028,0.0095
REGION1,LNDCP02LRNOC,2029,0.0081
REGION1,LNDCP02LRNOC,2030,0.0069
REGION1,LNDCP02LRRRD,2016,0.0241
REGION1,LNDCP02LRRRD,2017,0.0225
REGION1,LNDCP02LRRRD,2018,0.0209
REGION1,LNDCP02LRRRD,2019,0.0193
REGION1,LNDCP02LRRRD,2020,0.0177
REGION1,LNDCP02LRRRD,2021,0.015
REGION1,LNDCP02LRRRD,2022,0.0128
REGION1,LNDCP02LRRRD,2023,0.0108
REGION1,LNDCP02LRRRD,2024,0.0092
REGION1,LNDCP02LRRRD,2025,0.0078
REGION1,LNDCP02LRRRD,2026,0.0067
REGION1,LNDCP02LRRRD,2027,0.0057
REGION1,LNDCP02LRRRD,2028,0.0048
REGION1,LNDCP02LRRRD,2029,0.0041
REGION1,LNDCP02LRRRD,2030,0.0035
REGION1,LNDCP02LRSOC,2016,0.0442
REGION1,LNDCP02LRSOC,2017,0.0508
REGION1,LNDCP02LRSOC,2018,0.0585
REGION1,LNDCP02LRSOC,2019,0.0672
REGION1,LNDCP02LRSOC,2020,0.0572
REGION1,LNDCP02LRSOC,2021,0.0486
REGION1,LNDCP02LRSOC,2022,0.0504
REGION1,LNDCP02LRSOC,2023,0.0429
REGION1,LNDCP02LRSOC,2024,0.0364
REGION1,LNDCP02LRSOC,2025,0.031
REGION1,LNDCP02LRSOC,2026,0.0263
REGION1,LNDCP02LRSOC,2027,0.0224
REGION1,LNDCP02LRSOC,2028,0.019
REGION1,LNDCP02LRSOC,2029,0.0162
REGION1,LNDCP02LRSOC,2030,0.0137
REGION1,LNDCP02LRSOE,2016,0.038
REGION1,LNDCP02LRSOE,2017,0.0437
REGION1,LNDCP02LRSOE,2018,0.0406
REGION1,LNDCP02LRSOE,2019,0.0375
REGION1,LNDCP02LRSOE,2020,0.0319
REGION1,LNDCP02LRSOE,2021,0.0271
REGION1,LNDCP02LRSOE,2022,0.023
REGION1,LNDCP02LRSOE,2023,0.0196
REGION1,LNDCP02LRSOE,2024,0.0166
REGION1,LNDCP02LRSOE,2025,0.0141
REGION1,LNDCP02LRSOE,2026,0.012
REGION1,LNDCP02LRSOE,2027,0.0102
REGION1,LNDCP02LRSOE,2028,0.0087
REGION1,LNDCP02LRSOE,2029,0.0074
REGION1,LNDCP02LRSOE,2030,0.0063
REGION1,LNDCP03HIMRD,2016,0.1682
REGION1,LNDCP03HIMRD,2017,0.157
REGION1,LNDCP03HIMRD,2018,0.1457
REGION1,LNDCP03HIMRD,2019,0.1345
REGION1,LNDCP03HIMRD,2020,0.1233
REGION1,LNDCP03HIMRD,2021,0.1121
REGION1,LNDCP03HIMRD,2022,0.1009
REGION1,LNDCP03HIMRD,2023,0.0897
REGION1,LNDCP03HIMRD,2024,0.0785
REGION1,LNDCP03HIMRD,2025,0.0667
REGION1,LNDCP03HIMRD,2026,0.0567
REGION1,LNDCP03HIMRD,2027,0.0482
REGION1,LNDCP03HIMRD,2028,0.041
REGION1,LNDCP03HIMRD,2029,0.0348
REGION1,LNDCP03HIMRD,2030,0.0296
REGION1,LNDCP03HINOC,2016,0.1825
REGION1,LNDCP03HINOC,2017,0.1704
REGION1,LNDCP03HINOC,2018,0.1582
REGION1,LNDCP03HINOC,2019,0.146
REGION1,LNDCP03HINOC,2020,0.1339
REGION1,LNDCP03HINOC,2021,0.1217
REGION1,LNDCP03HINOC,2022,0.1095
REGION1,LNDCP03HINOC,2023,0.0974
REGION1,LNDCP03HINOC,2024,0.0852
REGION1,LNDCP03HINOC,2025,0.0724
REGION1,LNDCP03HINOC,2026,0.0615
REGION1,LNDCP03HINOC,2027,0.0523
REGION1,LNDCP03HINOC,2028,0.0445
REGION1,LNDCP03HINOC,2029,0.0378
REGION1,LNDCP03HINOC,2030,0.0321
REGION1,LNDCP03HINOE,2016,0.1647
REGION1,LNDCP03HINOE,2017,0.1537
REGION1,LNDCP03HINOE,2018,0.1428
REGION1,LNDCP03HINOE,2019,0.1318
REGION1,LNDCP03HINOE,2020,0.1208
REGION1,LNDCP03HINOE,2021,0.1389
REGION1,LNDCP03HINOE,2022,0.1598
REGION1,LNDCP03HINOE,2023,0.1837
REGION1,LNDCP03HINOE,2024,0.2113
REGION1,LNDCP03HINOE,2025,0.2215
REGION1,LNDCP03HINOE,2026,0.2105
REGION1,LNDCP03HINOE,2027,0.1995
REGION1,LNDCP03HINOE,2028,0.1886
REGION1,LNDCP03HINOE,2029,0.1776
REGION1,LNDCP03HINOE,2030,0.1666
REGION1,LNDCP03HINOW,2016,0.2166
REGION1,LNDCP03HINOW,2017,0.2022
REGION1,LNDCP03HINOW,2018,0.1718
REGION1,LNDCP03HINOW,2019,0.1461
REGION1,LNDCP03HINOW,2020,0.1588
REGION1,LNDCP03HINOW,2021,0.1444
REGION1,LNDCP03HINOW,2022,0.13
REGION1,LNDCP03HINOW,2023,0.1155
REGION1,LNDCP03HINOW,2024,0.1011
REGION1,LNDCP03HINOW,2025,0.0859
REGION1,LNDCP03HINOW,2026,0.073
REGION1,LNDCP03HINOW,2027,0.0621
REGION1,LNDCP03HINOW,2028,0.0528
REGION1,LNDCP03HINOW,2029,0.0449
REGION1,LNDCP03HINOW,2030,0.0381
REGION1,LNDCP03HIRRD,2016,0.0925
REGION1,LNDCP03HIRRD,2017,0.0864
REGION1,LNDCP03HIRRD,2018,0.0802
REGION1,LNDCP03HIRRD,2019,0.0922
REGION1,LNDCP03HIRRD,2020,0.106
REGION1,LNDCP03HIRRD,2021,0.122
REGION1,LNDCP03HIRRD,2022,0.1402
REGION1,LNDCP03HIRRD,2023,0.1613
REGION1,LNDCP03HIRRD,2024,0.1855
REGION1,LNDCP03HIRRD,2025,0.2133
REGION1,LNDCP03HIRRD,2026,0.2453
REGION1,LNDCP03HIRRD,2027,0.2821
REGION1,LNDCP03HIRRD,2028,0.3244
REGION1,LNDCP03HIRRD,2029,0.3182
REGION1,LNDCP03HIRRD,2030,0.3121
REGION1,LNDCP03HISOC,2016,0.3229
REGION1,LNDCP03HISOC,2017,0.3014
REGION1,LNDCP03HISOC,2018,0.2798
REGION1,LNDCP03HISOC,2019,0.2583
REGION1,LNDCP03HISOC,2020,0.2368
REGION1,LNDCP03HISOC,2021,0.2153
REGION1,LNDCP03HISOC,2022,0.1937
REGION1,LNDCP03HISOC,2023,0.1722
REGION1,LNDCP03HISOC,2024,0.1507
REGION1,LNDCP03HISOC,2025,0.1292
REGION1,LNDCP03HISOC,2026,0.1098
REGION1,LNDCP03HISOC,2027,0.0933
REGION1,LNDCP03HISOC,2028,0.0793
REGION1,LNDCP03HISOC,2029,0.0674
REGION1,LNDCP03HISOC,2030,0.0573
REGION1,LNDCP03HISOE,2016,0.18
REGION1,LNDCP03HISOE,2017,0.168
REGION1,LNDCP03HISOE,2018,0.156
REGION1,LNDCP03HISOE,2019,0.144
REGION1,LNDCP03HISOE,2020,0.132
REGION1,LNDCP03HISOE,2021,0.12
REGION1,LNDCP03HISOE,2022,0.108
REGION1,LNDCP03HISOE,2023,0.096
REGION1,LNDCP03HISOE,2024,0.084
REGION1,LNDCP03HISOE,2025,0.072
REGION1,LNDCP03HISOE,2026,0.0612
REGION1,LNDCP03HISOE,2027,0.052
REGION1,LNDCP03HISOE,2028,0.0442
REGION1,LNDCP03HISOE,2029,0.0376
REGION1,LNDCP03HISOE,2030,0.032
REGION1,LNDCP03HRMRD,2016,0.845
REGION1,LNDCP03HRMRD,2017,0.7886
REGION1,LNDCP03HRMRD,2018,0.7323
REGION1,LNDCP03HRMRD,2019,0.676
REGION1,LNDCP03HRMRD,2020,0.6196
REGION1,LNDCP03HRMRD,2021,0.5633
REGION1,LNDCP03HRMRD,2022,0.507
REGION1,LNDCP03HRMRD,2023,0.4506
REGION1,LNDCP03HRMRD,2024,0.3943
REGION1,LNDCP03HRMRD,2025,0.3352
REGION1,LNDCP03HRMRD,2026,0.2849
REGION1,LNDCP03HRMRD,2027,0.2422
REGION1,LNDCP03HRMRD,2028,0.2058
REGION1,LNDCP03HRMRD,2029,0.175
REGION1,LNDCP03HRMRD,2030,0.1487
REGION1,LNDCP03HRNOC,2016,0.9172
REGION1,LNDCP03HRNOC,2017,0.8561
REGION1,LNDCP03HRNOC,2018,0.7949
REGION1,LNDCP03HRNOC,2019,0.7338
REGION1,LNDCP03HRNOC,2020,0.6726
REGION1,LNDCP03HRNOC,2021,0.6115
REGION1,LNDCP03HRNOC,2022,0.5503
REGION1,LNDCP03HRNOC,2023,0.4892
REGION1,LNDCP03HRNOC,2024,0.428
REGION1,LNDCP03HRNOC,2025,0.3638
REGION1,LNDCP03HRNOC,2026,0.3093
REGION1,LNDCP03HRNOC,2027,0.2629
REGION1,LNDCP03HRNOC,2028,0.2234
REGION1,LNDCP03HRNOC,2029,0.1899
REGION1,LNDCP03HRNOC,2030,0.1614
REGION1,LNDCP03HRNOE,2016,0.8277
REGION1,LNDCP03HRNOE,2017,0.7725
REGION1,LNDCP03HRNOE,2018,0.7173
REGION1,LNDCP03HRNOE,2019,0.6747
REGION1,LNDCP03HRNOE,2020,0.7759
REGION1,LNDCP03HRNOE,2021,0.8923
REGION1,LNDCP03HRNOE,2022,1.0262
REGION1,LNDCP03HRNOE,2023,1.1801
REGION1,LNDCP03HRNOE,2024,1.3571
REGION1,LNDCP03HRNOE,2025,1.5607
REGION1,LNDCP03HRNOE,2026,1.7948
REGION1,LNDCP03HRNOE,2027,2.0278
REGION1,LNDCP03HRNOE,2028,2.2521
REGION1,LNDCP03HRNOE,2029,2.4477
REGION1,LNDCP03HRNOE,2030,2.5755
REGION1,LNDCP03HRNOW,2016,1.0884
REGION1,LNDCP03HRNOW,2017,1.0158
REGION1,LNDCP03HRNOW,2018,0.8635
REGION1,LNDCP03HRNOW,2019,0.7339
REGION1,LNDCP03HRNOW,2020,0.7982
REGION1,LNDCP03HRNOW,2021,0.7256
REGION1,LNDCP03HRNOW,2022,0.653
REGION1,LNDCP03HRNOW,2023,0.5805
REGION1,LNDCP03HRNOW,2024,0.5079
REGION1,LNDCP03HRNOW,2025,0.4317
REGION1,LNDCP03HRNOW,2026,0.367
REGION1,LNDCP03HRNOW,2027,0.3119
REGION1,LNDCP03HRNOW,2028,0.2651
REGION1,LNDCP03HRNOW,2029,0.2254
REGION1,LNDCP03HRNOW,2030,0.1916
REGION1,LNDCP03HRRRD,2016,0.4649
REGION1,LNDCP03HRRRD,2017,0.5346
REGION1,LNDCP03HRRRD,2018,0.6148
REGION1,LNDCP03HRRRD,2019,0.707
REGION1,LNDCP03HRRRD,2020,0.8131
REGION1,LNDCP03HRRRD,2021,0.9351
REGION1,LNDCP03HRRRD,2022,1.0753
REGION1,LNDCP03HRRRD,2023,1.2366
REGION1,LNDCP03HRRRD,2024,1.4221
REGION1,LNDCP03HRRRD,2025,1.6354
REGION1,LNDCP03HRRRD,2026,1.8807
REGION1,LNDCP03HRRRD,2027,2.1628
REGION1,LNDCP03HRRRD,2028,2.4873
REGION1,LNDCP03HRRRD,2029,2.8604
REGION1,LNDCP03HRRRD,2030,3.1777
REGION1,LNDCP03HRSOC,2016,0.9974
REGION1,LNDCP03HRSOC,2017,1.147
REGION1,LNDCP03HRSOC,2018,1.319
REGION1,LNDCP03HRSOC,2019,1.2979
REGION1,LNDCP03HRSOC,2020,1.1898
REGION1,LNDCP03HRSOC,2021,1.0816
REGION1,LNDCP03HRSOC,2022,0.9734
REGION1,LNDCP03HRSOC,2023,0.8653
REGION1,LNDCP03HRSOC,2024,0.7571
REGION1,LNDCP03HRSOC,2025,0.6436
REGION1,LNDCP03HRSOC,2026,0.547
REGION1,LNDCP03HRSOC,2027,0.465
REGION1,LNDCP03HRSOC,2028,0.3952
REGION1,LNDCP03HRSOC,2029,0.3359
REGION1,LNDCP03HRSOC,2030,0.2855
REGION1,LNDCP03HRSOE,2016,0.9046
REGION1,LNDCP03HRSOE,2017,0.8443
REGION1,LNDCP03HRSOE,2018,0.784
REGION1,LNDCP03HRSOE,2019,0.7237
REGION1,LNDCP03HRSOE,2020,0.6634
REGION1,LNDCP03HRSOE,2021,0.6031
REGION1,LNDCP03HRSOE,2022,0.5428
REGION1,LNDCP03HRSOE,2023,0.4825
REGION1,LNDCP03HRSOE,2024,0.4222
REGION1,LNDCP03HRSOE,2025,0.3619
REGION1,LNDCP03HRSOE,2026,0.3076
REGION1,LNDCP03HRSOE,2027,0.2614
REGION1,LNDCP03HRSOE,2028,0.2222
REGION1,LNDCP03HRSOE,2029,0.1889
REGION1,LNDCP03HRSOE,2030,0.1606
REGION1,LNDCP03IIMRD,2016,0.1682
REGION1,LNDCP03IIMRD,2017,0.157
REGION1,LNDCP03IIMRD,2018,0.1457
REGION1,LNDCP03IIMRD,2019,0.1345
REGION1,LNDCP03IIMRD,2020,0.1233
REGION1,LNDCP03IIMRD,2021,0.1121
REGION1,LNDCP03IIMRD,2022,0.1009
REGION1,LNDCP03IIMRD,2023,0.0897
REGION1,LNDCP03IIMRD,2024,0.0776
REGION1,LNDCP03IIMRD,2025,0.0659
REGION1,LNDCP03IIMRD,2026,0.0561
REGION1,LNDCP03IIMRD,2027,0.0476
REGION1,LNDCP03IIMRD,2028,0.0405
REGION1,LNDCP03IIMRD,2029,0.0344
REGION1,LNDCP03IIMRD,2030,0.0293
REGION1,LNDCP03IINOC,2016,0.1482
REGION1,LNDCP03IINOC,2017,0.1704
REGION1,LNDCP03IINOC,2018,0.1582
REGION1,LNDCP03IINOC,2019,0.146
REGION1,LNDCP03IINOC,2020,0.1339
REGION1,LNDCP03IINOC,2021,0.1217
REGION1,LNDCP03IINOC,2022,0.1095
REGION1,LNDCP03IINOC,2023,0.0974
REGION1,LNDCP03IINOC,2024,0.0842
REGION1,LNDCP03IINOC,2025,0.0716
REGION1,LNDCP03IINOC,2026,0.0608
REGION1,LNDCP03IINOC,2027,0.0517
REGION1,LNDCP03IINOC,2028,0.044
REGION1,LNDCP03IINOC,2029,0.0374
REGION1,LNDCP03IINOC,2030,0.0318
REGION1,LNDCP03IINOE,2016,0.1079
REGION1,LNDCP03IINOE,2017,0.1241
REGION1,LNDCP03IINOE,2018,0.1428
REGION1,LNDCP03IINOE,2019,0.1318
REGION1,LNDCP03IINOE,2020,0.1208
REGION1,LNDCP03IINOE,2021,0.1098
REGION1,LNDCP03IINOE,2022,0.0988
REGION1,LNDCP03IINOE,2023,0.0879
REGION1,LNDCP03IINOE,2024,0.0842
REGION1,LNDCP03IINOE,2025,0.0732
REGION1,LNDCP03IINOE,2026,0.0622
REGION1,LNDCP03IINOE,2027,0.0529
REGION1,LNDCP03IINOE,2028,0.045
REGION1,LNDCP03IINOE,2029,0.0382
REGION1,LNDCP03IINOE,2030,0.0325
REGION1,LNDCP03IINOW,2016,0.0908
REGION1,LNDCP03IINOW,2017,0.1044
REGION1,LNDCP03IINOW,2018,0.1201
REGION1,LNDCP03IINOW,2019,0.1381
REGION1,LNDCP03IINOW,2020,0.1588
REGION1,LNDCP03IINOW,2021,0.1444
REGION1,LNDCP03IINOW,2022,0.13
REGION1,LNDCP03IINOW,2023,0.1155
REGION1,LNDCP03IINOW,2024,0.1011
REGION1,LNDCP03IINOW,2025,0.0859
REGION1,LNDCP03IINOW,2026,0.073
REGION1,LNDCP03IINOW,2027,0.0621
REGION1,LNDCP03IINOW,2028,0.0528
REGION1,LNDCP03IINOW,2029,0.0449
REGION1,LNDCP03IINOW,2030,0.0381
REGION1,LNDCP03IIRRD,2016,0.0925
REGION1,LNDCP03IIRRD,2017,0.0864
REGION1,LNDCP03IIRRD,2018,0.0802
REGION1,LNDCP03IIRRD,2019,0.074
REGION1,LNDCP03IIRRD,2020,0.0678
REGION1,LNDCP03IIRRD,2021,0.0617
REGION1,LNDCP03IIRRD,2022,0.0555
REGION1,LNDCP03IIRRD,2023,0.0493
REGION1,LNDCP03IIRRD,2024,0.0432
REGION1,LNDCP03IIRRD,2025,0.037
REGION1,LNDCP03IIRRD,2026,0.0315
REGION1,LNDCP03IIRRD,2027,0.0267
REGION1,LNDCP03IIRRD,2028,0.0227
REGION1,LNDCP03IIRRD,2029,0.0193
REGION1,LNDCP03IIRRD,2030,0.0164
REGION1,LNDCP03IISOC,2016,0.1698
REGION1,LNDCP03IISOC,2017,0.1953
REGION1,LNDCP03IISOC,2018,0.2246
REGION1,LNDCP03IISOC,2019,0.2583
REGION1,LNDCP03IISOC,2020,0.2368
REGION1,LNDCP03IISOC,2021,0.2153
REGION1,LNDCP03IISOC,2022,0.1937
REGION1,LNDCP03IISOC,2023,0.1722
REGION1,LNDCP03IISOC,2024,0.1507
REGION1,LNDCP03IISOC,2025,0.1281
REGION1,LNDCP03IISOC,2026,0.1089
REGION1,LNDCP03IISOC,2027,0.0925
REGION1,LNDCP03IISOC,2028,0.0787
REGION1,LNDCP03IISOC,2029,0.0669
REGION1,LNDCP03IISOC,2030,0.0568
REGION1,LNDCP03IISOE,2016,0.18
REGION1,LNDCP03IISOE,2017,0.168
REGION1,LNDCP03IISOE,2018,0.156
REGION1,LNDCP03IISOE,2019,0.144
REGION1,LNDCP03IISOE,2020,0.132
REGION1,LNDCP03IISOE,2021,0.12
REGION1,LNDCP03IISOE,2022,0.108
REGION1,LNDCP03IISOE,2023,0.096
REGION1,LNDCP03IISOE,2024,0.084
REGION1,LNDCP03IISOE,2025,0.0714
REGION1,LNDCP03IISOE,2026,0.0607
REGION1,LNDCP03IISOE,2027,0.0516
REGION1,LNDCP03IISOE,2028,0.0439
REGION1,LNDCP03IISOE,2029,0.0373
REGION1,LNDCP03IISOE,2030,0.0317
REGION1,LNDCP03IRMRD,2016,0.1056
REGION1,LNDCP03IRMRD,2017,0.0986
REGION1,LNDCP03IRMRD,2018,0.0915
REGION1,LNDCP03IRMRD,2019,0.0845
REGION1,LNDCP03IRMRD,2020,0.0775
REGION1,LNDCP03IRMRD,2021,0.0704
REGION1,LNDCP03IRMRD,2022,0.0634
REGION1,LNDCP03IRMRD,2023,0.0563
REGION1,LNDCP03IRMRD,2024,0.0487
REGION1,LNDCP03IRMRD,2025,0.0414
REGION1,LNDCP03IRMRD,2026,0.0352
REGION1,LNDCP03IRMRD,2027,0.0299
REGION1,LNDCP03IRMRD,2028,0.0254
REGION1,LNDCP03IRMRD,2029,0.0216
REGION1,LNDCP03IRMRD,2030,0.0184
REGION1,LNDCP03IRNOC,2016,0.0931
REGION1,LNDCP03IRNOC,2017,0.107
REGION1,LNDCP03IRNOC,2018,0.0994
REGION1,LNDCP03IRNOC,2019,0.0917
REGION1,LNDCP03IRNOC,2020,0.0841
REGION1,LNDCP03IRNOC,2021,0.0764
REGION1,LNDCP03IRNOC,2022,0.0688
REGION1,LNDCP03IRNOC,2023,0.0611
REGION1,LNDCP03IRNOC,2024,0.0535
REGION1,LNDCP03IRNOC,2025,0.0455
REGION1,LNDCP03IRNOC,2026,0.0387
REGION1,LNDCP03IRNOC,2027,0.0329
REGION1,LNDCP03IRNOC,2028,0.0279
REGION1,LNDCP03IRNOC,2029,0.0237
REGION1,LNDCP03IRNOC,2030,0.0202
REGION1,LNDCP03IRNOE,2016,0.0678
REGION1,LNDCP03IRNOE,2017,0.078
REGION1,LNDCP03IRNOE,2018,0.0897
REGION1,LNDCP03IRNOE,2019,0.0828
REGION1,LNDCP03IRNOE,2020,0.0952
REGION1,LNDCP03IRNOE,2021,0.1095
REGION1,LNDCP03IRNOE,2022,0.1259
REGION1,LNDCP03IRNOE,2023,0.1448
REGION1,LNDCP03IRNOE,2024,0.1665
REGION1,LNDCP03IRNOE,2025,0.1914
REGION1,LNDCP03IRNOE,2026,0.1974
REGION1,LNDCP03IRNOE,2027,0.1905
REGION1,LNDCP03IRNOE,2028,0.1836
REGION1,LNDCP03IRNOE,2029,0.1767
REGION1,LNDCP03IRNOE,2030,0.1698
REGION1,LNDCP03IRNOW,2016,0.057
REGION1,LNDCP03IRNOW,2017,0.0656
REGION1,LNDCP03IRNOW,2018,0.0754
REGION1,LNDCP03IRNOW,2019,0.0868
REGION1,LNDCP03IRNOW,2020,0.0998
REGION1,LNDCP03IRNOW,2021,0.0907
REGION1,LNDCP03IRNOW,2022,0.0816
REGION1,LNDCP03IRNOW,2023,0.0726
REGION1,LNDCP03IRNOW,2024,0.0635
REGION1,LNDCP03IRNOW,2025,0.054
REGION1,LNDCP03IRNOW,2026,0.0459
REGION1,LNDCP03IRNOW,2027,0.039
REGION1,LNDCP03IRNOW,2028,0.0331
REGION1,LNDCP03IRNOW,2029,0.0282
REGION1,LNDCP03IRNOW,2030,0.0239
REGION1,LNDCP03IRRRD,2016,2.7133
REGION1,LNDCP03IRRRD,2017,2.7094
REGION1,LNDCP03IRRRD,2018,2.7964
REGION1,LNDCP03IRRRD,2019,3.2159
REGION1,LNDCP03IRRRD,2020,3.6982
REGION1,LNDCP03IRRRD,2021,4.253
REGION1,LNDCP03IRRRD,2022,4.8909
REGION1,LNDCP03IRRRD,2023,5.3969
REGION1,LNDCP03IRRRD,2024,5.804
REGION1,LNDCP03IRRRD,2025,6.1749
REGION1,LNDCP03IRRRD,2026,6.4274
REGION1,LNDCP03IRRRD,2027,6.5864
REGION1,LNDCP03IRRRD,2028,6.5826
REGION1,LNDCP03IRRRD,2029,6.5787
REGION1,LNDCP03IRRRD,2030,6.5748
REGION1,LNDCP03IRSOC,2016,0.1067
REGION1,LNDCP03IRSOC,2017,0.1227
REGION1,LNDCP03IRSOC,2018,0.1411
REGION1,LNDCP03IRSOC,2019,0.1622
REGION1,LNDCP03IRSOC,2020,0.1487
REGION1,LNDCP03IRSOC,2021,0.1352
REGION1,LNDCP03IRSOC,2022,0.1217
REGION1,LNDCP03IRSOC,2023,0.1082
REGION1,LNDCP03IRSOC,2024,0.0946
REGION1,LNDCP03IRSOC,2025,0.0804
REGION1,LNDCP03IRSOC,2026,0.0684
REGION1,LNDCP03IRSOC,2027,0.0581
REGION1,LNDCP03IRSOC,2028,0.0494
REGION1,LNDCP03IRSOC,2029,0.042
REGION1,LNDCP03IRSOC,2030,0.0357
REGION1,LNDCP03IRSOE,2016,0.1131
REGION1,LNDCP03IRSOE,2017,0.1055
REGION1,LNDCP03IRSOE,2018,0.098
REGION1,LNDCP03IRSOE,2019,0.0905
REGION1,LNDCP03IRSOE,2020,0.0829
REGION1,LNDCP03IRSOE,2021,0.0754
REGION1,LNDCP03IRSOE,2022,0.0678
REGION1,LNDCP03IRSOE,2023,0.0603
REGION1,LNDCP03IRSOE,2024,0.0528
REGION1,LNDCP03IRSOE,2025,0.0452
REGION1,LNDCP03IRSOE,2026,0.0384
REGION1,LNDCP03IRSOE,2027,0.0327
REGION1,LNDCP03IRSOE,2028,0.0278
REGION1,LNDCP03IRSOE,2029,0.0236
REGION1,LNDCP03IRSOE,2030,0.0201
REGION1,LNDCP03LRMRD,2016,0.1056
REGION1,LNDCP03LRMRD,2017,0.0986
REGION1,LNDCP03LRMRD,2018,0.0915
REGION1,LNDCP03LRMRD,2019,0.0845
REGION1,LNDCP03LRMRD,2020,0.0718
REGION1,LNDCP03LRMRD,2021,0.061
REGION1,LNDCP03LRMRD,2022,0.0519
REGION1,LNDCP03LRMRD,2023,0.0441
REGION1,LNDCP03LRMRD,2024,0.0375
REGION1,LNDCP03LRMRD,2025,0.0344
REGION1,LNDCP03LRMRD,2026,0.0292
REGION1,LNDCP03LRMRD,2027,0.0249
REGION1,LNDCP03LRMRD,2028,0.0211
REGION1,LNDCP03LRMRD,2029,0.018
REGION1,LNDCP03LRMRD,2030,0.0153
REGION1,LNDCP03LRNOC,2016,0.0751
REGION1,LNDCP03LRNOC,2017,0.0864
REGION1,LNDCP03LRNOC,2018,0.0994
REGION1,LNDCP03LRNOC,2019,0.0917
REGION1,LNDCP03LRNOC,2020,0.078
REGION1,LNDCP03LRNOC,2021,0.0764
REGION1,LNDCP03LRNOC,2022,0.0688
REGION1,LNDCP03LRNOC,2023,0.0585
REGION1,LNDCP03LRNOC,2024,0.0498
REGION1,LNDCP03LRNOC,2025,0.0423
REGION1,LNDCP03LRNOC,2026,0.036
REGION1,LNDCP03LRNOC,2027,0.0306
REGION1,LNDCP03LRNOC,2028,0.026
REGION1,LNDCP03LRNOC,2029,0.0221
REGION1,LNDCP03LRNOC,2030,0.0188
REGION1,LNDCP03LRNOE,2016,0.0343
REGION1,LNDCP03LRNOE,2017,0.0394
REGION1,LNDCP03LRNOE,2018,0.0454
REGION1,LNDCP03LRNOE,2019,0.0522
REGION1,LNDCP03LRNOE,2020,0.06
REGION1,LNDCP03LRNOE,2021,0.069
REGION1,LNDCP03LRNOE,2022,0.0621
REGION1,LNDCP03LRNOE,2023,0.0552
REGION1,LNDCP03LRNOE,2024,0.0483
REGION1,LNDCP03LRNOE,2025,0.041
REGION1,LNDCP03LRNOE,2026,0.0349
REGION1,LNDCP03LRNOE,2027,0.0297
REGION1,LNDCP03LRNOE,2028,0.0252
REGION1,LNDCP03LRNOE,2029,0.0214
REGION1,LNDCP03LRNOE,2030,0.0182
REGION1,LNDCP03LRNOW,2016,0.0451
REGION1,LNDCP03LRNOW,2017,0.0519
REGION1,LNDCP03LRNOW,2018,0.0596
REGION1,LNDCP03LRNOW,2019,0.0686
REGION1,LNDCP03LRNOW,2020,0.0789
REGION1,LNDCP03LRNOW,2021,0.0907
REGION1,LNDCP03LRNOW,2022,0.0816
REGION1,LNDCP03LRNOW,2023,0.0695
REGION1,LNDCP03LRNOW,2024,0.0591
REGION1,LNDCP03LRNOW,2025,0.0502
REGION1,LNDCP03LRNOW,2026,0.0427
REGION1,LNDCP03LRNOW,2027,0.0363
REGION1,LNDCP03LRNOW,2028,0.0308
REGION1,LNDCP03LRNOW,2029,0.0262
REGION1,LNDCP03LRNOW,2030,0.0223
REGION1,LNDCP03LRRRD,2016,0.0581
REGION1,LNDCP03LRRRD,2017,0.0542
REGION1,LNDCP03LRRRD,2018,0.0504
REGION1,LNDCP03LRRRD,2019,0.0465
REGION1,LNDCP03LRRRD,2020,0.0426
REGION1,LNDCP03LRRRD,2021,0.0387
REGION1,LNDCP03LRRRD,2022,0.0329
REGION1,LNDCP03LRRRD,2023,0.028
REGION1,LNDCP03LRRRD,2024,0.0238
REGION1,LNDCP03LRRRD,2025,0.0202
REGION1,LNDCP03LRRRD,2026,0.0172
REGION1,LNDCP03LRRRD,2027,0.0146
REGION1,LNDCP03LRRRD,2028,0.0124
REGION1,LNDCP03LRRRD,2029,0.0106
REGION1,LNDCP03LRRRD,2030,0.009
REGION1,LNDCP03LRSOC,2016,0.0592
REGION1,LNDCP03LRSOC,2017,0.068
REGION1,LNDCP03LRSOC,2018,0.0782
REGION1,LNDCP03LRSOC,2019,0.09
REGION1,LNDCP03LRSOC,2020,0.1035
REGION1,LNDCP03LRSOC,2021,0.119
REGION1,LNDCP03LRSOC,2022,0.1217
REGION1,LNDCP03LRSOC,2023,0.1034
REGION1,LNDCP03LRSOC,2024,0.0881
REGION1,LNDCP03LRSOC,2025,0.0749
REGION1,LNDCP03LRSOC,2026,0.0636
REGION1,LNDCP03LRSOC,2027,0.0541
REGION1,LNDCP03LRSOC,2028,0.046
REGION1,LNDCP03LRSOC,2029,0.0391
REGION1,LNDCP03LRSOC,2030,0.0332
REGION1,LNDCP03LRSOE,2016,0.0741
REGION1,LNDCP03LRSOE,2017,0.0852
REGION1,LNDCP03LRSOE,2018,0.098
REGION1,LNDCP03LRSOE,2019,0.0905
REGION1,LNDCP03LRSOE,2020,0.0769
REGION1,LNDCP03LRSOE,2021,0.0754
REGION1,LNDCP03LRSOE,2022,0.0678
REGION1,LNDCP03LRSOE,2023,0.0603
REGION1,LNDCP03LRSOE,2024,0.0522
REGION1,LNDCP03LRSOE,2025,0.0443
REGION1,LNDCP03LRSOE,2026,0.0377
REGION1,LNDCP03LRSOE,2027,0.032
REGION1,LNDCP03LRSOE,2028,0.0272
REGION1,LNDCP03LRSOE,2029,0.0231
REGION1,LNDCP03LRSOE,2030,0.0197
REGION1,LNDCP04HINOC,2016,0.661
REGION1,LNDCP04HINOC,2017,0.617
REGION1,LNDCP04HINOC,2018,0.5729
REGION1,LNDCP04HINOC,2019,0.5288
REGION1,LNDCP04HINOC,2020,0.4848
REGION1,LNDCP04HINOC,2021,0.4407
REGION1,LNDCP04HINOC,2022,0.3966
REGION1,LNDCP04HINOC,2023,0.3526
REGION1,LNDCP04HINOC,2024,0.3085
REGION1,LNDCP04HINOC,2025,0.2644
REGION1,LNDCP04HINOC,2026,0.2248
REGION1,LNDCP04HINOC,2027,0.191
REGION1,LNDCP04HINOC,2028,0.1624
REGION1,LNDCP04HINOC,2029,0.138
REGION1,LNDCP04HINOC,2030,0.1173
REGION1,LNDCP04HINOE,2016,0.5965
REGION1,LNDCP04HINOE,2017,0.5568
REGION1,LNDCP04HINOE,2018,0.517
REGION1,LNDCP04HINOE,2019,0.4772
REGION1,LNDCP04HINOE,2020,0.5435
REGION1,LNDCP04HINOE,2021,0.5037
REGION1,LNDCP04HINOE,2022,0.464
REGION1,LNDCP04HINOE,2023,0.4242
REGION1,LNDCP04HINOE,2024,0.3844
REGION1,LNDCP04HINOE,2025,0.3447
REGION1,LNDCP04HINOE,2026,0.3049
REGION1,LNDCP04HINOE,2027,0.2651
REGION1,LNDCP04HINOE,2028,0.2254
REGION1,LNDCP04HINOE,2029,0.1916
REGION1,LNDCP04HINOE,2030,0.1628
REGION1,LNDCP04HINOW,2016,0.7844
REGION1,LNDCP04HINOW,2017,0.7321
REGION1,LNDCP04HINOW,2018,0.6798
REGION1,LNDCP04HINOW,2019,0.6275
REGION1,LNDCP04HINOW,2020,0.7217
REGION1,LNDCP04HINOW,2021,0.8299
REGION1,LNDCP04HINOW,2022,0.9544
REGION1,LNDCP04HINOW,2023,0.9028
REGION1,LNDCP04HINOW,2024,0.8505
REGION1,LNDCP04HINOW,2025,0.7982
REGION1,LNDCP04HINOW,2026,0.7459
REGION1,LNDCP04HINOW,2027,0.6936
REGION1,LNDCP04HINOW,2028,0.6413
REGION1,LNDCP04HINOW,2029,0.589
REGION1,LNDCP04HINOW,2030,0.5367
REGION1,LNDCP04HIRRD,2016,0.335
REGION1,LNDCP04HIRRD,2017,0.3127
REGION1,LNDCP04HIRRD,2018,0.2904
REGION1,LNDCP04HIRRD,2019,0.268
REGION1,LNDCP04HIRRD,2020,0.2457
REGION1,LNDCP04HIRRD,2021,0.2234
REGION1,LNDCP04HIRRD,2022,0.201
REGION1,LNDCP04HIRRD,2023,0.1787
REGION1,LNDCP04HIRRD,2024,0.1564
REGION1,LNDCP04HIRRD,2025,0.134
REGION1,LNDCP04HIRRD,2026,0.1139
REGION1,LNDCP04HIRRD,2027,0.0968
REGION1,LNDCP04HIRRD,2028,0.0823
REGION1,LNDCP04HIRRD,2029,0.07
REGION1,LNDCP04HIRRD,2030,0.0595
REGION1,LNDCP04HISOC,2016,1.1693
REGION1,LNDCP04HISOC,2017,1.0913
REGION1,LNDCP04HISOC,2018,1.0134
REGION1,LNDCP04HISOC,2019,0.9354
REGION1,LNDCP04HISOC,2020,0.9171
REGION1,LNDCP04HISOC,2021,0.8899
REGION1,LNDCP04HISOC,2022,0.8119
REGION1,LNDCP04HISOC,2023,0.734
REGION1,LNDCP04HISOC,2024,0.656
REGION1,LNDCP04HISOC,2025,0.5781
REGION1,LNDCP04HISOC,2026,0.5001
REGION1,LNDCP04HISOC,2027,0.4251
REGION1,LNDCP04HISOC,2028,0.3614
REGION1,LNDCP04HISOC,2029,0.3071
REGION1,LNDCP04HISOC,2030,0.2611
REGION1,LNDCP04HISOE,2016,0.652
REGION1,LNDCP04HISOE,2017,0.6085
REGION1,LNDCP04HISOE,2018,0.5651
REGION1,LNDCP04HISOE,2019,0.5216
REGION1,LNDCP04HISOE,2020,0.5506
REGION1,LNDCP04HISOE,2021,0.5071
REGION1,LNDCP04HISOE,2022,0.4636
REGION1,LNDCP04HISOE,2023,0.4202
REGION1,LNDCP04HISOE,2024,0.3767
REGION1,LNDCP04HISOE,2025,0.3332
REGION1,LNDCP04HISOE,2026,0.2898
REGION1,LNDCP04HISOE,2027,0.2463
REGION1,LNDCP04HISOE,2028,0.2094
REGION1,LNDCP04HISOE,2029,0.178
REGION1,LNDCP04HISOE,2030,0.1513
REGION1,LNDCP04HRNOC,2016,2.3
REGION1,LNDCP04HRNOC,2017,2.1466
REGION1,LNDCP04HRNOC,2018,1.9933
REGION1,LNDCP04HRNOC,2019,1.84
REGION1,LNDCP04HRNOC,2020,1.6866
REGION1,LNDCP04HRNOC,2021,1.5333
REGION1,LNDCP04HRNOC,2022,1.38
REGION1,LNDCP04HRNOC,2023,1.2266
REGION1,LNDCP04HRNOC,2024,1.0733
REGION1,LNDCP04HRNOC,2025,0.92
REGION1,LNDCP04HRNOC,2026,0.782
REGION1,LNDCP04HRNOC,2027,0.6647
REGION1,LNDCP04HRNOC,2028,0.565
REGION1,LNDCP04HRNOC,2029,0.4802
REGION1,LNDCP04HRNOC,2030,0.4082
REGION1,LNDCP04HRNOE,2016,2.0755
REGION1,LNDCP04HRNOE,2017,1.9371
REGION1,LNDCP04HRNOE,2018,1.7987
REGION1,LNDCP04HRNOE,2019,2.0686
REGION1,LNDCP04HRNOE,2020,2.3788
REGION1,LNDCP04HRNOE,2021,2.7357
REGION1,LNDCP04HRNOE,2022,3.146
REGION1,LNDCP04HRNOE,2023,3.6179
REGION1,LNDCP04HRNOE,2024,3.9062
REGION1,LNDCP04HRNOE,2025,3.7678
REGION1,LNDCP04HRNOE,2026,3.6294
REGION1,LNDCP04HRNOE,2027,3.4911
REGION1,LNDCP04HRNOE,2028,3.3527
REGION1,LNDCP04HRNOE,2029,3.2143
REGION1,LNDCP04HRNOE,2030,3.076
REGION1,LNDCP04HRNOW,2016,2.7292
REGION1,LNDCP04HRNOW,2017,2.5473
REGION1,LNDCP04HRNOW,2018,2.4903
REGION1,LNDCP04HRNOW,2019,2.8638
REGION1,LNDCP04HRNOW,2020,3.2934
REGION1,LNDCP04HRNOW,2021,3.7874
REGION1,LNDCP04HRNOW,2022,4.3555
REGION1,LNDCP04HRNOW,2023,5.0088
REGION1,LNDCP04HRNOW,2024,5.7601
REGION1,LNDCP04HRNOW,2025,6.6241
REGION1,LNDCP04HRNOW,2026,7.2231
REGION1,LNDCP04HRNOW,2027,7.5049
REGION1,LNDCP04HRNOW,2028,7.7415
REGION1,LNDCP04HRNOW,2029,8.1581
REGION1,LNDCP04HRNOW,2030,7.9761
REGION1,LNDCP04HRRRD,2016,1.1657
REGION1,LNDCP04HRRRD,2017,1.088
REGION1,LNDCP04HRRRD,2018,1.0103
REGION1,LNDCP04HRRRD,2019,0.9326
REGION1,LNDCP04HRRRD,2020,0.8549
REGION1,LNDCP04HRRRD,2021,0.7772
REGION1,LNDCP04HRRRD,2022,0.6994
REGION1,LNDCP04HRRRD,2023,0.6217
REGION1,LNDCP04HRRRD,2024,0.544
REGION1,LNDCP04HRRRD,2025,0.4663
REGION1,LNDCP04HRRRD,2026,0.3963
REGION1,LNDCP04HRRRD,2027,0.3369
REGION1,LNDCP04HRRRD,2028,0.2864
REGION1,LNDCP04HRRRD,2029,0.2434
REGION1,LNDCP04HRRRD,2030,0.2069
REGION1,LNDCP04HRSOC,2016,4.0682
REGION1,LNDCP04HRSOC,2017,3.797
REGION1,LNDCP04HRSOC,2018,3.5258
REGION1,LNDCP04HRSOC,2019,3.2546
REGION1,LNDCP04HRSOC,2020,2.9834
REGION1,LNDCP04HRSOC,2021,2.7122
REGION1,LNDCP04HRSOC,2022,2.4409
REGION1,LNDCP04HRSOC,2023,2.1697
REGION1,LNDCP04HRSOC,2024,1.8985
REGION1,LNDCP04HRSOC,2025,1.6273
REGION1,LNDCP04HRSOC,2026,1.3832
REGION1,LNDCP04HRSOC,2027,1.1757
REGION1,LNDCP04HRSOC,2028,0.9994
REGION1,LNDCP04HRSOC,2029,0.8495
REGION1,LNDCP04HRSOC,2030,0.722
REGION1,LNDCP04HRSOE,2016,2.2684
REGION1,LNDCP04HRSOE,2017,2.1172
REGION1,LNDCP04HRSOE,2018,1.966
REGION1,LNDCP04HRSOE,2019,1.8148
REGION1,LNDCP04HRSOE,2020,1.6635
REGION1,LNDCP04HRSOE,2021,1.5123
REGION1,LNDCP04HRSOE,2022,1.3611
REGION1,LNDCP04HRSOE,2023,1.2098
REGION1,LNDCP04HRSOE,2024,1.0586
REGION1,LNDCP04HRSOE,2025,0.9074
REGION1,LNDCP04HRSOE,2026,0.7713
REGION1,LNDCP04HRSOE,2027,0.6556
REGION1,LNDCP04HRSOE,2028,0.5572
REGION1,LNDCP04HRSOE,2029,0.4737
REGION1,LNDCP04HRSOE,2030,0.4026
REGION1,LNDCP04IINOC,2016,0.5365
REGION1,LNDCP04IINOC,2017,0.617
REGION1,LNDCP04IINOC,2018,0.5729
REGION1,LNDCP04IINOC,2019,0.5288
REGION1,LNDCP04IINOC,2020,0.4848
REGION1,LNDCP04IINOC,2021,0.4407
REGION1,LNDCP04IINOC,2022,0.3966
REGION1,LNDCP04IINOC,2023,0.3526
REGION1,LNDCP04IINOC,2024,0.3085
REGION1,LNDCP04IINOC,2025,0.2644
REGION1,LNDCP04IINOC,2026,0.2248
REGION1,LNDCP04IINOC,2027,0.191
REGION1,LNDCP04IINOC,2028,0.1624
REGION1,LNDCP04IINOC,2029,0.138
REGION1,LNDCP04IINOC,2030,0.1173
REGION1,LNDCP04IINOE,2016,0.4841
REGION1,LNDCP04IINOE,2017,0.5568
REGION1,LNDCP04IINOE,2018,0.517
REGION1,LNDCP04IINOE,2019,0.5945
REGION1,LNDCP04IINOE,2020,0.6837
REGION1,LNDCP04IINOE,2021,0.7863
REGION1,LNDCP04IINOE,2022,0.9042
REGION1,LNDCP04IINOE,2023,1.0398
REGION1,LNDCP04IINOE,2024,1.0001
REGION1,LNDCP04IINOE,2025,1.0722
REGION1,LNDCP04IINOE,2026,1.0325
REGION1,LNDCP04IINOE,2027,0.9927
REGION1,LNDCP04IINOE,2028,0.9529
REGION1,LNDCP04IINOE,2029,0.9132
REGION1,LNDCP04IINOE,2030,0.8734
REGION1,LNDCP04IINOW,2016,0.7844
REGION1,LNDCP04IINOW,2017,0.7321
REGION1,LNDCP04IINOW,2018,0.8419
REGION1,LNDCP04IINOW,2019,0.9682
REGION1,LNDCP04IINOW,2020,1.1135
REGION1,LNDCP04IINOW,2021,1.2805
REGION1,LNDCP04IINOW,2022,1.4726
REGION1,LNDCP04IINOW,2023,1.6935
REGION1,LNDCP04IINOW,2024,1.9475
REGION1,LNDCP04IINOW,2025,2.2396
REGION1,LNDCP04IINOW,2026,2.5755
REGION1,LNDCP04IINOW,2027,2.9619
REGION1,LNDCP04IINOW,2028,3.4061
REGION1,LNDCP04IINOW,2029,3.3538
REGION1,LNDCP04IINOW,2030,3.3051
REGION1,LNDCP04IIRRD,2016,0.335
REGION1,LNDCP04IIRRD,2017,0.3127
REGION1,LNDCP04IIRRD,2018,0.2904
REGION1,LNDCP04IIRRD,2019,0.268
REGION1,LNDCP04IIRRD,2020,0.2457
REGION1,LNDCP04IIRRD,2021,0.2234
REGION1,LNDCP04IIRRD,2022,0.201
REGION1,LNDCP04IIRRD,2023,0.1787
REGION1,LNDCP04IIRRD,2024,0.1564
REGION1,LNDCP04IIRRD,2025,0.134
REGION1,LNDCP04IIRRD,2026,0.1139
REGION1,LNDCP04IIRRD,2027,0.0968
REGION1,LNDCP04IIRRD,2028,0.0823
REGION1,LNDCP04IIRRD,2029,0.07
REGION1,LNDCP04IIRRD,2030,0.0595
REGION1,LNDCP04IISOC,2016,0.7663
REGION1,LNDCP04IISOC,2017,0.8812
REGION1,LNDCP04IISOC,2018,1.0134
REGION1,LNDCP04IISOC,2019,0.9354
REGION1,LNDCP04IISOC,2020,1.0757
REGION1,LNDCP04IISOC,2021,1.2371
REGION1,LNDCP04IISOC,2022,1.1591
REGION1,LNDCP04IISOC,2023,1.0812
REGION1,LNDCP04IISOC,2024,1.0032
REGION1,LNDCP04IISOC,2025,0.9253
REGION1,LNDCP04IISOC,2026,0.8473
REGION1,LNDCP04IISOC,2027,0.7694
REGION1,LNDCP04IISOC,2028,0.6914
REGION1,LNDCP04IISOC,2029,0.6135
REGION1,LNDCP04IISOC,2030,0.5355
REGION1,LNDCP04IISOE,2016,0.536
REGION1,LNDCP04IISOE,2017,0.6085
REGION1,LNDCP04IISOE,2018,0.6998
REGION1,LNDCP04IISOE,2019,0.8048
REGION1,LNDCP04IISOE,2020,0.9255
REGION1,LNDCP04IISOE,2021,1.0643
REGION1,LNDCP04IISOE,2022,1.1858
REGION1,LNDCP04IISOE,2023,1.1423
REGION1,LNDCP04IISOE,2024,1.0988
REGION1,LNDCP04IISOE,2025,1.0554
REGION1,LNDCP04IISOE,2026,1.0119
REGION1,LNDCP04IISOE,2027,0.9684
REGION1,LNDCP04IISOE,2028,0.925
REGION1,LNDCP04IISOE,2029,0.8815
REGION1,LNDCP04IISOE,2030,0.838
REGION1,LNDCP04IRNOC,2016,0.2875
REGION1,LNDCP04IRNOC,2017,0.3306
REGION1,LNDCP04IRNOC,2018,0.3802
REGION1,LNDCP04IRNOC,2019,0.4372
REGION1,LNDCP04IRNOC,2020,0.5028
REGION1,LNDCP04IRNOC,2021,0.5783
REGION1,LNDCP04IRNOC,2022,0.5591
REGION1,LNDCP04IRNOC,2023,0.5399
REGION1,LNDCP04IRNOC,2024,0.5208
REGION1,LNDCP04IRNOC,2025,0.5016
REGION1,LNDCP04IRNOC,2026,0.4824
REGION1,LNDCP04IRNOC,2027,0.4633
REGION1,LNDCP04IRNOC,2028,0.4441
REGION1,LNDCP04IRNOC,2029,0.4249
REGION1,LNDCP04IRNOC,2030,0.4058
REGION1,LNDCP04IRNOE,2016,2.2723
REGION1,LNDCP04IRNOE,2017,2.6131
REGION1,LNDCP04IRNOE,2018,3.0051
REGION1,LNDCP04IRNOE,2019,3.4559
REGION1,LNDCP04IRNOE,2020,3.9743
REGION1,LNDCP04IRNOE,2021,4.5704
REGION1,LNDCP04IRNOE,2022,5.256
REGION1,LNDCP04IRNOE,2023,6.0444
REGION1,LNDCP04IRNOE,2024,6.951
REGION1,LNDCP04IRNOE,2025,7.9937
REGION1,LNDCP04IRNOE,2026,9.1927
REGION1,LNDCP04IRNOE,2027,10.4734
REGION1,LNDCP04IRNOE,2028,11.4385
REGION1,LNDCP04IRNOE,2029,12.2936
REGION1,LNDCP04IRNOE,2030,13.3343
REGION1,LNDCP04IRNOW,2016,1.7951
REGION1,LNDCP04IRNOW,2017,2.0643
REGION1,LNDCP04IRNOW,2018,2.374
REGION1,LNDCP04IRNOW,2019,2.73
REGION1,LNDCP04IRNOW,2020,3.1396
REGION1,LNDCP04IRNOW,2021,3.6105
REGION1,LNDCP04IRNOW,2022,4.1521
REGION1,LNDCP04IRNOW,2023,4.7749
REGION1,LNDCP04IRNOW,2024,5.4911
REGION1,LNDCP04IRNOW,2025,6.3148
REGION1,LNDCP04IRNOW,2026,7.262
REGION1,LNDCP04IRNOW,2027,8.3513
REGION1,LNDCP04IRNOW,2028,9.604
REGION1,LNDCP04IRNOW,2029,11.0446
REGION1,LNDCP04IRNOW,2030,12.7013
REGION1,LNDCP04IRRRD,2016,3.7016
REGION1,LNDCP04IRRRD,2017,4.2569
REGION1,LNDCP04IRRRD,2018,4.7715
REGION1,LNDCP04IRRRD,2019,4.905
REGION1,LNDCP04IRRRD,2020,4.9722
REGION1,LNDCP04IRRRD,2021,4.9625
REGION1,LNDCP04IRRRD,2022,4.9528
REGION1,LNDCP04IRRRD,2023,4.943
REGION1,LNDCP04IRRRD,2024,4.9333
REGION1,LNDCP04IRRRD,2025,4.9236
REGION1,LNDCP04IRRRD,2026,4.9139
REGION1,LNDCP04IRRRD,2027,4.9042
REGION1,LNDCP04IRRRD,2028,4.8945
REGION1,LNDCP04IRRRD,2029,4.8847
REGION1,LNDCP04IRRRD,2030,4.875
REGION1,LNDCP04IRSOC,2016,0.3333
REGION1,LNDCP04IRSOC,2017,0.3832
REGION1,LNDCP04IRSOC,2018,0.4407
REGION1,LNDCP04IRSOC,2019,0.5068
REGION1,LNDCP04IRSOC,2020,0.5829
REGION1,LNDCP04IRSOC,2021,0.6703
REGION1,LNDCP04IRSOC,2022,0.7708
REGION1,LNDCP04IRSOC,2023,0.7369
REGION1,LNDCP04IRSOC,2024,0.703
REGION1,LNDCP04IRSOC,2025,0.6691
REGION1,LNDCP04IRSOC,2026,0.6352
REGION1,LNDCP04IRSOC,2027,0.6013
REGION1,LNDCP04IRSOC,2028,0.5674
REGION1,LNDCP04IRSOC,2029,0.5335
REGION1,LNDCP04IRSOC,2030,0.4996
REGION1,LNDCP04IRSOE,2016,0.2301
REGION1,LNDCP04IRSOE,2017,0.2647
REGION1,LNDCP04IRSOE,2018,0.2457
REGION1,LNDCP04IRSOE,2019,0.2268
REGION1,LNDCP04IRSOE,2020,0.2079
REGION1,LNDCP04IRSOE,2021,0.189
REGION1,LNDCP04IRSOE,2022,0.1701
REGION1,LNDCP04IRSOE,2023,0.1512
REGION1,LNDCP04IRSOE,2024,0.1323
REGION1,LNDCP04IRSOE,2025,0.1134
REGION1,LNDCP04IRSOE,2026,0.0964
REGION1,LNDCP04IRSOE,2027,0.0819
REGION1,LNDCP04IRSOE,2028,0.0697
REGION1,LNDCP04IRSOE,2029,0.0592
REGION1,LNDCP04IRSOE,2030,0.0503
REGION1,LNDCP04LRNOC,2016,0.4926
REGION1,LNDCP04LRNOC,2017,0.5665
REGION1,LNDCP04LRNOC,2018,0.6515
REGION1,LNDCP04LRNOC,2019,0.7492
REGION1,LNDCP04LRNOC,2020,0.73
REGION1,LNDCP04LRNOC,2021,0.7109
REGION1,LNDCP04LRNOC,2022,0.6917
REGION1,LNDCP04LRNOC,2023,0.6725
REGION1,LNDCP04LRNOC,2024,0.6534
REGION1,LNDCP04LRNOC,2025,0.6342
REGION1,LNDCP04LRNOC,2026,0.615
REGION1,LNDCP04LRNOC,2027,0.5959
REGION1,LNDCP04LRNOC,2028,0.5767
REGION1,LNDCP04LRNOC,2029,0.5575
REGION1,LNDCP04LRNOC,2030,0.5384
REGION1,LNDCP04LRNOE,2016,0.1365
REGION1,LNDCP04LRNOE,2017,0.1569
REGION1,LNDCP04LRNOE,2018,0.1805
REGION1,LNDCP04LRNOE,2019,0.2075
REGION1,LNDCP04LRNOE,2020,0.1903
REGION1,LNDCP04LRNOE,2021,0.173
REGION1,LNDCP04LRNOE,2022,0.1557
REGION1,LNDCP04LRNOE,2023,0.1384
REGION1,LNDCP04LRNOE,2024,0.1211
REGION1,LNDCP04LRNOE,2025,0.1038
REGION1,LNDCP04LRNOE,2026,0.0882
REGION1,LNDCP04LRNOE,2027,0.075
REGION1,LNDCP04LRNOE,2028,0.0637
REGION1,LNDCP04LRNOE,2029,0.0542
REGION1,LNDCP04LRNOE,2030,0.046
REGION1,LNDCP04LRNOW,2016,0.143
REGION1,LNDCP04LRNOW,2017,0.1645
REGION1,LNDCP04LRNOW,2018,0.1892
REGION1,LNDCP04LRNOW,2019,0.2175
REGION1,LNDCP04LRNOW,2020,0.2502
REGION1,LNDCP04LRNOW,2021,0.2653
REGION1,LNDCP04LRNOW,2022,0.2426
REGION1,LNDCP04LRNOW,2023,0.2199
REGION1,LNDCP04LRNOW,2024,0.1971
REGION1,LNDCP04LRNOW,2025,0.1744
REGION1,LNDCP04LRNOW,2026,0.1516
REGION1,LNDCP04LRNOW,2027,0.1289
REGION1,LNDCP04LRNOW,2028,0.1095
REGION1,LNDCP04LRNOW,2029,0.0931
REGION1,LNDCP04LRNOW,2030,0.0791
REGION1,LNDCP04LRRRD,2016,0.1457
REGION1,LNDCP04LRRRD,2017,0.136
REGION1,LNDCP04LRRRD,2018,0.1263
REGION1,LNDCP04LRRRD,2019,0.1166
REGION1,LNDCP04LRRRD,2020,0.1069
REGION1,LNDCP04LRRRD,2021,0.0971
REGION1,LNDCP04LRRRD,2022,0.0826
REGION1,LNDCP04LRRRD,2023,0.0702
REGION1,LNDCP04LRRRD,2024,0.0597
REGION1,LNDCP04LRRRD,2025,0.0507
REGION1,LNDCP04LRRRD,2026,0.0431
REGION1,LNDCP04LRRRD,2027,0.0366
REGION1,LNDCP04LRRRD,2028,0.0311
REGION1,LNDCP04LRRRD,2029,0.0265
REGION1,LNDCP04LRRRD,2030,0.0225
REGION1,LNDCP04LRSOC,2016,0.2675
REGION1,LNDCP04LRSOC,2017,0.3076
REGION1,LNDCP04LRSOC,2018,0.3538
REGION1,LNDCP04LRSOC,2019,0.4068
REGION1,LNDCP04LRSOC,2020,0.4331
REGION1,LNDCP04LRSOC,2021,0.3992
REGION1,LNDCP04LRSOC,2022,0.3653
REGION1,LNDCP04LRSOC,2023,0.3314
REGION1,LNDCP04LRSOC,2024,0.2975
REGION1,LNDCP04LRSOC,2025,0.2636
REGION1,LNDCP04LRSOC,2026,0.224
REGION1,LNDCP04LRSOC,2027,0.1904
REGION1,LNDCP04LRSOC,2028,0.1619
REGION1,LNDCP04LRSOC,2029,0.1376
REGION1,LNDCP04LRSOC,2030,0.1169
REGION1,LNDCP04LRSOE,2016,0.1858
REGION1,LNDCP04LRSOE,2017,0.2137
REGION1,LNDCP04LRSOE,2018,0.2457
REGION1,LNDCP04LRSOE,2019,0.2826
REGION1,LNDCP04LRSOE,2020,0.2637
REGION1,LNDCP04LRSOE,2021,0.2448
REGION1,LNDCP04LRSOE,2022,0.2259
REGION1,LNDCP04LRSOE,2023,0.207
REGION1,LNDCP04LRSOE,2024,0.1881
REGION1,LNDCP04LRSOE,2025,0.1692
REGION1,LNDCP04LRSOE,2026,0.1503
REGION1,LNDCP04LRSOE,2027,0.1295
REGION1,LNDCP04LRSOE,2028,0.1101
REGION1,LNDCP04LRSOE,2029,0.0936
REGION1,LNDCP04LRSOE,2030,0.0795
REGION1,LNDCP05HIMRD,2016,4.3336
REGION1,LNDCP05HIMRD,2017,4.9837
REGION1,LNDCP05HIMRD,2018,5.7312
REGION1,LNDCP05HIMRD,2019,6.4756
REGION1,LNDCP05HIMRD,2020,7.4469
REGION1,LNDCP05HIMRD,2021,8.5587
REGION1,LNDCP05HIMRD,2022,9.2965
REGION1,LNDCP05HIMRD,2023,9.8176
REGION1,LNDCP05HIMRD,2024,10.5346
REGION1,LNDCP05HIMRD,2025,11.1674
REGION1,LNDCP05HIMRD,2026,11.8192
REGION1,LNDCP05HIMRD,2027,12.4012
REGION1,LNDCP05HIMRD,2028,12.876
REGION1,LNDCP05HIMRD,2029,13.4366
REGION1,LNDCP05HIMRD,2030,13.8042
REGION1,LNDCP05HINOC,2016,4.7042
REGION1,LNDCP05HINOC,2017,4.7502
REGION1,LNDCP05HINOC,2018,5.4628
REGION1,LNDCP05HINOC,2019,6.2822
REGION1,LNDCP05HINOC,2020,7.2245
REGION1,LNDCP05HINOC,2021,8.3082
REGION1,LNDCP05HINOC,2022,9.5544
REGION1,LNDCP05HINOC,2023,10.9875
REGION1,LNDCP05HINOC,2024,12.4192
REGION1,LNDCP05HINOC,2025,13.701
REGION1,LNDCP05HINOC,2026,14.8961
REGION1,LNDCP05HINOC,2027,15.958
REGION1,LNDCP05HINOC,2028,16.8419
REGION1,LNDCP05HINOC,2029,17.5232
REGION1,LNDCP05HINOC,2030,18.0739
REGION1,LNDCP05HINOE,2016,4.245
REGION1,LNDCP05HINOE,2017,3.962
REGION1,LNDCP05HINOE,2018,3.679
REGION1,LNDCP05HINOE,2019,3.396
REGION1,LNDCP05HINOE,2020,3.4994
REGION1,LNDCP05HINOE,2021,3.5847
REGION1,LNDCP05HINOE,2022,3.3017
REGION1,LNDCP05HINOE,2023,3.0187
REGION1,LNDCP05HINOE,2024,2.7357
REGION1,LNDCP05HINOE,2025,2.4527
REGION1,LNDCP05HINOE,2026,2.1697
REGION1,LNDCP05HINOE,2027,1.8867
REGION1,LNDCP05HINOE,2028,1.6037
REGION1,LNDCP05HINOE,2029,1.3631
REGION1,LNDCP05HINOE,2030,1.1587
REGION1,LNDCP05HINOW,2016,5.5822
REGION1,LNDCP05HINOW,2017,5.21
REGION1,LNDCP05HINOW,2018,4.8379
REGION1,LNDCP05HINOW,2019,4.4657
REGION1,LNDCP05HINOW,2020,4.0936
REGION1,LNDCP05HINOW,2021,3.7215
REGION1,LNDCP05HINOW,2022,3.3493
REGION1,LNDCP05HINOW,2023,2.9772
REGION1,LNDCP05HINOW,2024,2.605
REGION1,LNDCP05HINOW,2025,2.2329
REGION1,LNDCP05HINOW,2026,1.8979
REGION1,LNDCP05HINOW,2027,1.6133
REGION1,LNDCP05HINOW,2028,1.3713
REGION1,LNDCP05HINOW,2029,1.1656
REGION1,LNDCP05HINOW,2030,0.9907
REGION1,LNDCP05HIRRD,2016,2.3843
REGION1,LNDCP05HIRRD,2017,2.2254
REGION1,LNDCP05HIRRD,2018,2.0664
REGION1,LNDCP05HIRRD,2019,1.9074
REGION1,LNDCP05HIRRD,2020,1.7485
REGION1,LNDCP05HIRRD,2021,1.5895
REGION1,LNDCP05HIRRD,2022,1.4306
REGION1,LNDCP05HIRRD,2023,1.2716
REGION1,LNDCP05HIRRD,2024,1.1127
REGION1,LNDCP05HIRRD,2025,0.9537
REGION1,LNDCP05HIRRD,2026,0.8107
REGION1,LNDCP05HIRRD,2027,0.6891
REGION1,LNDCP05HIRRD,2028,0.5857
REGION1,LNDCP05HIRRD,2029,0.4978
REGION1,LNDCP05HIRRD,2030,0.4232
REGION1,LNDCP05HISOC,2016,8.3209
REGION1,LNDCP05HISOC,2017,7.7662
REGION1,LNDCP05HISOC,2018,8.5204
REGION1,LNDCP05HISOC,2019,9.7985
REGION1,LNDCP05HISOC,2020,11.2683
REGION1,LNDCP05HISOC,2021,12.9585
REGION1,LNDCP05HISOC,2022,14.9023
REGION1,LNDCP05HISOC,2023,17.1377
REGION1,LNDCP05HISOC,2024,19.7083
REGION1,LNDCP05HISOC,2025,22.5692
REGION1,LNDCP05HISOC,2026,25.2132
REGION1,LNDCP05HISOC,2027,28.0688
REGION1,LNDCP05HISOC,2028,30.7384
REGION1,LNDCP05HISOC,2029,33.2105
REGION1,LNDCP05HISOC,2030,35.4219
REGION1,LNDCP05HISOE,2016,4.6397
REGION1,LNDCP05HISOE,2017,4.763
REGION1,LNDCP05HISOE,2018,5.4775
REGION1,LNDCP05HISOE,2019,6.2991
REGION1,LNDCP05HISOE,2020,7.2439
REGION1,LNDCP05HISOE,2021,8.3305
REGION1,LNDCP05HISOE,2022,9.5801
REGION1,LNDCP05HISOE,2023,11.0171
REGION1,LNDCP05HISOE,2024,12.216
REGION1,LNDCP05HISOE,2025,13.1782
REGION1,LNDCP05HISOE,2026,14.1016
REGION1,LNDCP05HISOE,2027,14.9697
REGION1,LNDCP05HISOE,2028,15.7582
REGION1,LNDCP05HISOE,2029,16.4849
REGION1,LNDCP05HISOE,2030,17.2435
REGION1,LNDCP05HRMRD,2016,0.9999
REGION1,LNDCP05HRMRD,2017,1.0178
REGION1,LNDCP05HRMRD,2018,0.9511
REGION1,LNDCP05HRMRD,2019,0.8845
REGION1,LNDCP05HRMRD,2020,0.8178
REGION1,LNDCP05HRMRD,2021,0.7512
REGION1,LNDCP05HRMRD,2022,0.6845
REGION1,LNDCP05HRMRD,2023,0.6178
REGION1,LNDCP05HRMRD,2024,0.5512
REGION1,LNDCP05HRMRD,2025,0.4845
REGION1,LNDCP05HRMRD,2026,0.4179
REGION1,LNDCP05HRMRD,2027,0.3552
REGION1,LNDCP05HRMRD,2028,0.3019
REGION1,LNDCP05HRMRD,2029,0.2566
REGION1,LNDCP05HRMRD,2030,0.2181
REGION1,LNDCP05HRNOC,2016,1.0854
REGION1,LNDCP05HRNOC,2017,1.2482
REGION1,LNDCP05HRNOC,2018,1.4354
REGION1,LNDCP05HRNOC,2019,1.6507
REGION1,LNDCP05HRNOC,2020,1.8983
REGION1,LNDCP05HRNOC,2021,2.1831
REGION1,LNDCP05HRNOC,2022,2.5105
REGION1,LNDCP05HRNOC,2023,2.5647
REGION1,LNDCP05HRNOC,2024,2.4923
REGION1,LNDCP05HRNOC,2025,2.42
REGION1,LNDCP05HRNOC,2026,2.3476
REGION1,LNDCP05HRNOC,2027,2.2753
REGION1,LNDCP05HRNOC,2028,2.2029
REGION1,LNDCP05HRNOC,2029,2.1305
REGION1,LNDCP05HRNOC,2030,2.0582
REGION1,LNDCP05HRNOE,2016,0.9794
REGION1,LNDCP05HRNOE,2017,0.9141
REGION1,LNDCP05HRNOE,2018,0.8488
REGION1,LNDCP05HRNOE,2019,0.7835
REGION1,LNDCP05HRNOE,2020,0.9011
REGION1,LNDCP05HRNOE,2021,1.0362
REGION1,LNDCP05HRNOE,2022,1.1899
REGION1,LNDCP05HRNOE,2023,1.1246
REGION1,LNDCP05HRNOE,2024,1.1305
REGION1,LNDCP05HRNOE,2025,1.2109
REGION1,LNDCP05HRNOE,2026,1.3617
REGION1,LNDCP05HRNOE,2027,1.2964
REGION1,LNDCP05HRNOE,2028,1.4563
REGION1,LNDCP05HRNOE,2029,1.6747
REGION1,LNDCP05HRNOE,2030,1.6094
REGION1,LNDCP05HRNOW,2016,1.2879
REGION1,LNDCP05HRNOW,2017,1.2021
REGION1,LNDCP05HRNOW,2018,1.1162
REGION1,LNDCP05HRNOW,2019,1.0304
REGION1,LNDCP05HRNOW,2020,0.9445
REGION1,LNDCP05HRNOW,2021,0.8586
REGION1,LNDCP05HRNOW,2022,0.7728
REGION1,LNDCP05HRNOW,2023,0.6869
REGION1,LNDCP05HRNOW,2024,0.601
REGION1,LNDCP05HRNOW,2025,0.5152
REGION1,LNDCP05HRNOW,2026,0.4379
REGION1,LNDCP05HRNOW,2027,0.3722
REGION1,LNDCP05HRNOW,2028,0.3164
REGION1,LNDCP05HRNOW,2029,0.2689
REGION1,LNDCP05HRNOW,2030,0.2286
REGION1,LNDCP05HRRRD,2016,0.5501
REGION1,LNDCP05HRRRD,2017,0.5134
REGION1,LNDCP05HRRRD,2018,0.4768
REGION1,LNDCP05HRRRD,2019,0.4401
REGION1,LNDCP05HRRRD,2020,0.4034
REGION1,LNDCP05HRRRD,2021,0.3667
REGION1,LNDCP05HRRRD,2022,0.3301
REGION1,LNDCP05HRRRD,2023,0.2934
REGION1,LNDCP05HRRRD,2024,0.2567
REGION1,LNDCP05HRRRD,2025,0.22
REGION1,LNDCP05HRRRD,2026,0.187
REGION1,LNDCP05HRRRD,2027,0.159
REGION1,LNDCP05HRRRD,2028,0.1351
REGION1,LNDCP05HRRRD,2029,0.1149
REGION1,LNDCP05HRRRD,2030,0.0976
REGION1,LNDCP05HRSOC,2016,1.9198
REGION1,LNDCP05HRSOC,2017,1.7918
REGION1,LNDCP05HRSOC,2018,1.6639
REGION1,LNDCP05HRSOC,2019,1.5359
REGION1,LNDCP05HRSOC,2020,1.4079
REGION1,LNDCP05HRSOC,2021,1.2799
REGION1,LNDCP05HRSOC,2022,1.1519
REGION1,LNDCP05HRSOC,2023,1.0239
REGION1,LNDCP05HRSOC,2024,0.8959
REGION1,LNDCP05HRSOC,2025,0.7679
REGION1,LNDCP05HRSOC,2026,0.6527
REGION1,LNDCP05HRSOC,2027,0.5548
REGION1,LNDCP05HRSOC,2028,0.4716
REGION1,LNDCP05HRSOC,2029,0.4009
REGION1,LNDCP05HRSOC,2030,0.3407
REGION1,LNDCP05HRSOE,2016,1.0705
REGION1,LNDCP05HRSOE,2017,1.2311
REGION1,LNDCP05HRSOE,2018,1.4157
REGION1,LNDCP05HRSOE,2019,1.6281
REGION1,LNDCP05HRSOE,2020,1.8723
REGION1,LNDCP05HRSOE,2021,2.1531
REGION1,LNDCP05HRSOE,2022,2.4761
REGION1,LNDCP05HRSOE,2023,2.7884
REGION1,LNDCP05HRSOE,2024,2.717
REGION1,LNDCP05HRSOE,2025,2.6456
REGION1,LNDCP05HRSOE,2026,2.5743
REGION1,LNDCP05HRSOE,2027,2.5029
REGION1,LNDCP05HRSOE,2028,2.4315
REGION1,LNDCP05HRSOE,2029,2.3602
REGION1,LNDCP05HRSOE,2030,2.2888
REGION1,LNDCP05IIMRD,2016,4.3336
REGION1,LNDCP05IIMRD,2017,4.0447
REGION1,LNDCP05IIMRD,2018,3.7558
REGION1,LNDCP05IIMRD,2019,3.4669
REGION1,LNDCP05IIMRD,2020,3.178
REGION1,LNDCP05IIMRD,2021,2.8891
REGION1,LNDCP05IIMRD,2022,2.6002
REGION1,LNDCP05IIMRD,2023,2.3113
REGION1,LNDCP05IIMRD,2024,2.0224
REGION1,LNDCP05IIMRD,2025,1.7335
REGION1,LNDCP05IIMRD,2026,1.4734
REGION1,LNDCP05IIMRD,2027,1.2524
REGION1,LNDCP05IIMRD,2028,1.0646
REGION1,LNDCP05IIMRD,2029,0.9049
REGION1,LNDCP05IIMRD,2030,0.7691
REGION1,LNDCP05IINOC,2016,4.7042
REGION1,LNDCP05IINOC,2017,4.3906
REGION1,LNDCP05IINOC,2018,4.0855
REGION1,LNDCP05IINOC,2019,4.2085
REGION1,LNDCP05IINOC,2020,4.2422
REGION1,LNDCP05IINOC,2021,3.9286
REGION1,LNDCP05IINOC,2022,3.615
REGION1,LNDCP05IINOC,2023,3.3014
REGION1,LNDCP05IINOC,2024,2.9878
REGION1,LNDCP05IINOC,2025,2.6742
REGION1,LNDCP05IINOC,2026,2.3606
REGION1,LNDCP05IINOC,2027,2.047
REGION1,LNDCP05IINOC,2028,1.7399
REGION1,LNDCP05IINOC,2029,1.4789
REGION1,LNDCP05IINOC,2030,1.2571
REGION1,LNDCP05IINOE,2016,3.437
REGION1,LNDCP05IINOE,2017,3.9526
REGION1,LNDCP05IINOE,2018,3.679
REGION1,LNDCP05IINOE,2019,3.396
REGION1,LNDCP05IINOE,2020,3.113
REGION1,LNDCP05IINOE,2021,2.83
REGION1,LNDCP05IINOE,2022,2.547
REGION1,LNDCP05IINOE,2023,2.264
REGION1,LNDCP05IINOE,2024,1.981
REGION1,LNDCP05IINOE,2025,1.698
REGION1,LNDCP05IINOE,2026,1.4433
REGION1,LNDCP05IINOE,2027,1.2268
REGION1,LNDCP05IINOE,2028,1.0428
REGION1,LNDCP05IINOE,2029,0.8864
REGION1,LNDCP05IINOE,2030,0.7534
REGION1,LNDCP05IINOW,2016,3.3215
REGION1,LNDCP05IINOW,2017,3.8197
REGION1,LNDCP05IINOW,2018,4.3927
REGION1,LNDCP05IINOW,2019,4.4657
REGION1,LNDCP05IINOW,2020,4.0936
REGION1,LNDCP05IINOW,2021,3.7215
REGION1,LNDCP05IINOW,2022,3.3493
REGION1,LNDCP05IINOW,2023,2.9772
REGION1,LNDCP05IINOW,2024,2.605
REGION1,LNDCP05IINOW,2025,2.2329
REGION1,LNDCP05IINOW,2026,1.8979
REGION1,LNDCP05IINOW,2027,1.6133
REGION1,LNDCP05IINOW,2028,1.3713
REGION1,LNDCP05IINOW,2029,1.1656
REGION1,LNDCP05IINOW,2030,0.9907
REGION1,LNDCP05IIRRD,2016,2.3843
REGION1,LNDCP05IIRRD,2017,2.2254
REGION1,LNDCP05IIRRD,2018,2.0664
REGION1,LNDCP05IIRRD,2019,1.9074
REGION1,LNDCP05IIRRD,2020,1.7485
REGION1,LNDCP05IIRRD,2021,1.5895
REGION1,LNDCP05IIRRD,2022,1.4306
REGION1,LNDCP05IIRRD,2023,1.2716
REGION1,LNDCP05IIRRD,2024,1.1127
REGION1,LNDCP05IIRRD,2025,0.9537
REGION1,LNDCP05IIRRD,2026,0.8107
REGION1,LNDCP05IIRRD,2027,0.6891
REGION1,LNDCP05IIRRD,2028,0.5857
REGION1,LNDCP05IIRRD,2029,0.4978
REGION1,LNDCP05IIRRD,2030,0.4232
REGION1,LNDCP05IISOC,2016,6.4554
REGION1,LNDCP05IISOC,2017,7.4237
REGION1,LNDCP05IISOC,2018,7.2115
REGION1,LNDCP05IISOC,2019,6.6567
REGION1,LNDCP05IISOC,2020,6.7516
REGION1,LNDCP05IISOC,2021,6.3196
REGION1,LNDCP05IISOC,2022,5.7649
REGION1,LNDCP05IISOC,2023,5.2101
REGION1,LNDCP05IISOC,2024,4.6554
REGION1,LNDCP05IISOC,2025,4.1007
REGION1,LNDCP05IISOC,2026,3.546
REGION1,LNDCP05IISOC,2027,3.0141
REGION1,LNDCP05IISOC,2028,2.562
REGION1,LNDCP05IISOC,2029,2.1777
REGION1,LNDCP05IISOC,2030,1.851
REGION1,LNDCP05IISOE,2016,4.6397
REGION1,LNDCP05IISOE,2017,4.3304
REGION1,LNDCP05IISOE,2018,4.0211
REGION1,LNDCP05IISOE,2019,4.0569
REGION1,LNDCP05IISOE,2020,4.0727
REGION1,LNDCP05IISOE,2021,3.7634
REGION1,LNDCP05IISOE,2022,3.4541
REGION1,LNDCP05IISOE,2023,3.1448
REGION1,LNDCP05IISOE,2024,2.8355
REGION1,LNDCP05IISOE,2025,2.5262
REGION1,LNDCP05IISOE,2026,2.2169
REGION1,LNDCP05IISOE,2027,1.9075
REGION1,LNDCP05IISOE,2028,1.6214
REGION1,LNDCP05IISOE,2029,1.3782
REGION1,LNDCP05IISOE,2030,1.1715
REGION1,LNDCP05IRMRD,2016,16.7003
REGION1,LNDCP05IRMRD,2017,16.692
REGION1,LNDCP05IRMRD,2018,16.6837
REGION1,LNDCP05IRMRD,2019,16.6753
REGION1,LNDCP05IRMRD,2020,16.667
REGION1,LNDCP05IRMRD,2021,16.6587
REGION1,LNDCP05IRMRD,2022,16.6503
REGION1,LNDCP05IRMRD,2023,16.642
REGION1,LNDCP05IRMRD,2024,16.6337
REGION1,LNDCP05IRMRD,2025,16.6253
REGION1,LNDCP05IRMRD,2026,16.617
REGION1,LNDCP05IRMRD,2027,16.6087
REGION1,LNDCP05IRMRD,2028,16.6004
REGION1,LNDCP05IRMRD,2029,16.592
REGION1,LNDCP05IRMRD,2030,16.5837
REGION1,LNDCP05IRNOC,2016,0.1357
REGION1,LNDCP05IRNOC,2017,0.1266
REGION1,LNDCP05IRNOC,2018,0.1456
REGION1,LNDCP05IRNOC,2019,0.1366
REGION1,LNDCP05IRNOC,2020,0.1275
REGION1,LNDCP05IRNOC,2021,0.1185
REGION1,LNDCP05IRNOC,2022,0.1094
REGION1,LNDCP05IRNOC,2023,0.1004
REGION1,LNDCP05IRNOC,2024,0.0914
REGION1,LNDCP05IRNOC,2025,0.0823
REGION1,LNDCP05IRNOC,2026,0.0733
REGION1,LNDCP05IRNOC,2027,0.0642
REGION1,LNDCP05IRNOC,2028,0.0552
REGION1,LNDCP05IRNOC,2029,0.0469
REGION1,LNDCP05IRNOC,2030,0.0399
REGION1,LNDCP05IRNOE,2016,0.0802
REGION1,LNDCP05IRNOE,2017,0.0923
REGION1,LNDCP05IRNOE,2018,0.1061
REGION1,LNDCP05IRNOE,2019,0.0979
REGION1,LNDCP05IRNOE,2020,0.0898
REGION1,LNDCP05IRNOE,2021,0.0816
REGION1,LNDCP05IRNOE,2022,0.0735
REGION1,LNDCP05IRNOE,2023,0.0653
REGION1,LNDCP05IRNOE,2024,0.0571
REGION1,LNDCP05IRNOE,2025,0.049
REGION1,LNDCP05IRNOE,2026,0.0416
REGION1,LNDCP05IRNOE,2027,0.0354
REGION1,LNDCP05IRNOE,2028,0.0301
REGION1,LNDCP05IRNOE,2029,0.0256
REGION1,LNDCP05IRNOE,2030,0.0217
REGION1,LNDCP05IRNOW,2016,0.0847
REGION1,LNDCP05IRNOW,2017,0.0974
REGION1,LNDCP05IRNOW,2018,0.112
REGION1,LNDCP05IRNOW,2019,0.1288
REGION1,LNDCP05IRNOW,2020,0.1181
REGION1,LNDCP05IRNOW,2021,0.1073
REGION1,LNDCP05IRNOW,2022,0.0966
REGION1,LNDCP05IRNOW,2023,0.0859
REGION1,LNDCP05IRNOW,2024,0.0751
REGION1,LNDCP05IRNOW,2025,0.0644
REGION1,LNDCP05IRNOW,2026,0.0547
REGION1,LNDCP05IRNOW,2027,0.0465
REGION1,LNDCP05IRNOW,2028,0.0395
REGION1,LNDCP05IRNOW,2029,0.0336
REGION1,LNDCP05IRNOW,2030,0.0286
REGION1,LNDCP05IRRRD,2016,0.0688
REGION1,LNDCP05IRRRD,2017,0.0642
REGION1,LNDCP05IRRRD,2018,0.0596
REGION1,LNDCP05IRRRD,2019,0.055
REGION1,LNDCP05IRRRD,2020,0.0504
REGION1,LNDCP05IRRRD,2021,0.0458
REGION1,LNDCP05IRRRD,2022,0.0413
REGION1,LNDCP05IRRRD,2023,0.0367
REGION1,LNDCP05IRRRD,2024,0.0321
REGION1,LNDCP05IRRRD,2025,0.0275
REGION1,LNDCP05IRRRD,2026,0.0234
REGION1,LNDCP05IRRRD,2027,0.0199
REGION1,LNDCP05IRRRD,2028,0.0169
REGION1,LNDCP05IRRRD,2029,0.0144
REGION1,LNDCP05IRRRD,2030,0.0122
REGION1,LNDCP05IRSOC,2016,0.1573
REGION1,LNDCP05IRSOC,2017,0.1809
REGION1,LNDCP05IRSOC,2018,0.208
REGION1,LNDCP05IRSOC,2019,0.192
REGION1,LNDCP05IRSOC,2020,0.176
REGION1,LNDCP05IRSOC,2021,0.16
REGION1,LNDCP05IRSOC,2022,0.144
REGION1,LNDCP05IRSOC,2023,0.128
REGION1,LNDCP05IRSOC,2024,0.112
REGION1,LNDCP05IRSOC,2025,0.096
REGION1,LNDCP05IRSOC,2026,0.0816
REGION1,LNDCP05IRSOC,2027,0.0694
REGION1,LNDCP05IRSOC,2028,0.059
REGION1,LNDCP05IRSOC,2029,0.0501
REGION1,LNDCP05IRSOC,2030,0.0426
REGION1,LNDCP05IRSOE,2016,0.1338
REGION1,LNDCP05IRSOE,2017,0.1539
REGION1,LNDCP05IRSOE,2018,0.177
REGION1,LNDCP05IRSOE,2019,0.2035
REGION1,LNDCP05IRSOE,2020,0.234
REGION1,LNDCP05IRSOE,2021,0.2691
REGION1,LNDCP05IRSOE,2022,0.2602
REGION1,LNDCP05IRSOE,2023,0.2513
REGION1,LNDCP05IRSOE,2024,0.2424
REGION1,LNDCP05IRSOE,2025,0.2335
REGION1,LNDCP05IRSOE,2026,0.2245
REGION1,LNDCP05IRSOE,2027,0.2156
REGION1,LNDCP05IRSOE,2028,0.2067
REGION1,LNDCP05IRSOE,2029,0.1978
REGION1,LNDCP05IRSOE,2030,0.1889
REGION1,LNDCP05LRMRD,2016,0.125
REGION1,LNDCP05LRMRD,2017,0.1167
REGION1,LNDCP05LRMRD,2018,0.1083
REGION1,LNDCP05LRMRD,2019,0.1
REGION1,LNDCP05LRMRD,2020,0.0917
REGION1,LNDCP05LRMRD,2021,0.0779
REGION1,LNDCP05LRMRD,2022,0.0662
REGION1,LNDCP05LRMRD,2023,0.0563
REGION1,LNDCP05LRMRD,2024,0.0478
REGION1,LNDCP05LRMRD,2025,0.0407
REGION1,LNDCP05LRMRD,2026,0.0346
REGION1,LNDCP05LRMRD,2027,0.0294
REGION1,LNDCP05LRMRD,2028,0.025
REGION1,LNDCP05LRMRD,2029,0.0212
REGION1,LNDCP05LRMRD,2030,0.0181
REGION1,LNDCP05LRNOC,2016,0.0889
REGION1,LNDCP05LRNOC,2017,0.1022
REGION1,LNDCP05LRNOC,2018,0.1176
REGION1,LNDCP05LRNOC,2019,0.1085
REGION1,LNDCP05LRNOC,2020,0.0995
REGION1,LNDCP05LRNOC,2021,0.0904
REGION1,LNDCP05LRNOC,2022,0.0814
REGION1,LNDCP05LRNOC,2023,0.0692
REGION1,LNDCP05LRNOC,2024,0.0588
REGION1,LNDCP05LRNOC,2025,0.05
REGION1,LNDCP05LRNOC,2026,0.0425
REGION1,LNDCP05LRNOC,2027,0.0361
REGION1,LNDCP05LRNOC,2028,0.0307
REGION1,LNDCP05LRNOC,2029,0.0261
REGION1,LNDCP05LRNOC,2030,0.0222
REGION1,LNDCP05LRNOE,2016,0.0513
REGION1,LNDCP05LRNOE,2017,0.059
REGION1,LNDCP05LRNOE,2018,0.0679
REGION1,LNDCP05LRNOE,2019,0.0781
REGION1,LNDCP05LRNOE,2020,0.0898
REGION1,LNDCP05LRNOE,2021,0.0763
REGION1,LNDCP05LRNOE,2022,0.0735
REGION1,LNDCP05LRNOE,2023,0.0625
REGION1,LNDCP05LRNOE,2024,0.0532
REGION1,LNDCP05LRNOE,2025,0.0452
REGION1,LNDCP05LRNOE,2026,0.0384
REGION1,LNDCP05LRNOE,2027,0.0326
REGION1,LNDCP05LRNOE,2028,0.0278
REGION1,LNDCP05LRNOE,2029,0.0236
REGION1,LNDCP05LRNOE,2030,0.02
REGION1,LNDCP05LRNOW,2016,0.0675
REGION1,LNDCP05LRNOW,2017,0.0776
REGION1,LNDCP05LRNOW,2018,0.0893
REGION1,LNDCP05LRNOW,2019,0.1027
REGION1,LNDCP05LRNOW,2020,0.1181
REGION1,LNDCP05LRNOW,2021,0.1073
REGION1,LNDCP05LRNOW,2022,0.0966
REGION1,LNDCP05LRNOW,2023,0.0822
REGION1,LNDCP05LRNOW,2024,0.0699
REGION1,LNDCP05LRNOW,2025,0.0594
REGION1,LNDCP05LRNOW,2026,0.0505
REGION1,LNDCP05LRNOW,2027,0.0429
REGION1,LNDCP05LRNOW,2028,0.0365
REGION1,LNDCP05LRNOW,2029,0.031
REGION1,LNDCP05LRNOW,2030,0.0264
REGION1,LNDCP05LRRRD,2016,0.0688
REGION1,LNDCP05LRRRD,2017,0.0642
REGION1,LNDCP05LRRRD,2018,0.0596
REGION1,LNDCP05LRRRD,2019,0.055
REGION1,LNDCP05LRRRD,2020,0.0504
REGION1,LNDCP05LRRRD,2021,0.0429
REGION1,LNDCP05LRRRD,2022,0.0364
REGION1,LNDCP05LRRRD,2023,0.031
REGION1,LNDCP05LRRRD,2024,0.0263
REGION1,LNDCP05LRRRD,2025,0.0224
REGION1,LNDCP05LRRRD,2026,0.019
REGION1,LNDCP05LRRRD,2027,0.0162
REGION1,LNDCP05LRRRD,2028,0.0137
REGION1,LNDCP05LRRRD,2029,0.0117
REGION1,LNDCP05LRRRD,2030,0.0099
REGION1,LNDCP05LRSOC,2016,0.1262
REGION1,LNDCP05LRSOC,2017,0.1452
REGION1,LNDCP05LRSOC,2018,0.1669
REGION1,LNDCP05LRSOC,2019,0.192
REGION1,LNDCP05LRSOC,2020,0.176
REGION1,LNDCP05LRSOC,2021,0.1496
REGION1,LNDCP05LRSOC,2022,0.144
REGION1,LNDCP05LRSOC,2023,0.1224
REGION1,LNDCP05LRSOC,2024,0.104
REGION1,LNDCP05LRSOC,2025,0.0884
REGION1,LNDCP05LRSOC,2026,0.0752
REGION1,LNDCP05LRSOC,2027,0.0639
REGION1,LNDCP05LRSOC,2028,0.0543
REGION1,LNDCP05LRSOC,2029,0.0462
REGION1,LNDCP05LRSOC,2030,0.0392
REGION1,LNDCP05LRSOE,2016,0.1086
REGION1,LNDCP05LRSOE,2017,0.1249
REGION1,LNDCP05LRSOE,2018,0.116
REGION1,LNDCP05LRSOE,2019,0.107
REGION1,LNDCP05LRSOE,2020,0.0981
REGION1,LNDCP05LRSOE,2021,0.0892
REGION1,LNDCP05LRSOE,2022,0.0803
REGION1,LNDCP05LRSOE,2023,0.0714
REGION1,LNDCP05LRSOE,2024,0.0617
REGION1,LNDCP05LRSOE,2025,0.0525
REGION1,LNDCP05LRSOE,2026,0.0446
REGION1,LNDCP05LRSOE,2027,0.0379
REGION1,LNDCP05LRSOE,2028,0.0322
REGION1,LNDCP05LRSOE,2029,0.0274
REGION1,LNDCP05LRSOE,2030,0.0233
REGION1,LNDCP06HIMRD,2016,0.067
REGION1,LNDCP06HIMRD,2017,0.0625
REGION1,LNDCP06HIMRD,2018,0.0581
REGION1,LNDCP06HIMRD,2019,0.0536
REGION1,LNDCP06HIMRD,2020,0.0491
REGION1,LNDCP06HIMRD,2021,0.0447
REGION1,LNDCP06HIMRD,2022,0.0402
REGION1,LNDCP06HIMRD,2023,0.0357
REGION1,LNDCP06HIMRD,2024,0.0313
REGION1,LNDCP06HIMRD,2025,0.0266
REGION1,LNDCP06HIMRD,2026,0.0226
REGION1,LNDCP06HIMRD,2027,0.0192
REGION1,LNDCP06HIMRD,2028,0.0163
REGION1,LNDCP06HIMRD,2029,0.0139
REGION1,LNDCP06HIMRD,2030,0.0118
REGION1,LNDCP06HINOC,2016,0.0727
REGION1,LNDCP06HINOC,2017,0.0837
REGION1,LNDCP06HINOC,2018,0.0962
REGION1,LNDCP06HINOC,2019,0.1106
REGION1,LNDCP06HINOC,2020,0.1272
REGION1,LNDCP06HINOC,2021,0.1463
REGION1,LNDCP06HINOC,2022,0.161
REGION1,LNDCP06HINOC,2023,0.1562
REGION1,LNDCP06HINOC,2024,0.1513
REGION1,LNDCP06HINOC,2025,0.1465
REGION1,LNDCP06HINOC,2026,0.1416
REGION1,LNDCP06HINOC,2027,0.1368
REGION1,LNDCP06HINOC,2028,0.1319
REGION1,LNDCP06HINOC,2029,0.1271
REGION1,LNDCP06HINOC,2030,0.1222
REGION1,LNDCP06HINOE,2016,0.0656
REGION1,LNDCP06HINOE,2017,0.0613
REGION1,LNDCP06HINOE,2018,0.0569
REGION1,LNDCP06HINOE,2019,0.0654
REGION1,LNDCP06HINOE,2020,0.0752
REGION1,LNDCP06HINOE,2021,0.0865
REGION1,LNDCP06HINOE,2022,0.0995
REGION1,LNDCP06HINOE,2023,0.1144
REGION1,LNDCP06HINOE,2024,0.1316
REGION1,LNDCP06HINOE,2025,0.1272
REGION1,LNDCP06HINOE,2026,0.1228
REGION1,LNDCP06HINOE,2027,0.1185
REGION1,LNDCP06HINOE,2028,0.1141
REGION1,LNDCP06HINOE,2029,0.1097
REGION1,LNDCP06HINOE,2030,0.1053
REGION1,LNDCP06HINOW,2016,0.0863
REGION1,LNDCP06HINOW,2017,0.0806
REGION1,LNDCP06HINOW,2018,0.0748
REGION1,LNDCP06HINOW,2019,0.0846
REGION1,LNDCP06HINOW,2020,0.0973
REGION1,LNDCP06HINOW,2021,0.1118
REGION1,LNDCP06HINOW,2022,0.1286
REGION1,LNDCP06HINOW,2023,0.1479
REGION1,LNDCP06HINOW,2024,0.1519
REGION1,LNDCP06HINOW,2025,0.1461
REGION1,LNDCP06HINOW,2026,0.1404
REGION1,LNDCP06HINOW,2027,0.1346
REGION1,LNDCP06HINOW,2028,0.1289
REGION1,LNDCP06HINOW,2029,0.1231
REGION1,LNDCP06HINOW,2030,0.1174
REGION1,LNDCP06HIRRD,2016,0.0369
REGION1,LNDCP06HIRRD,2017,0.0344
REGION1,LNDCP06HIRRD,2018,0.032
REGION1,LNDCP06HIRRD,2019,0.0295
REGION1,LNDCP06HIRRD,2020,0.027
REGION1,LNDCP06HIRRD,2021,0.0246
REGION1,LNDCP06HIRRD,2022,0.0221
REGION1,LNDCP06HIRRD,2023,0.0197
REGION1,LNDCP06HIRRD,2024,0.0172
REGION1,LNDCP06HIRRD,2025,0.0147
REGION1,LNDCP06HIRRD,2026,0.0125
REGION1,LNDCP06HIRRD,2027,0.0107
REGION1,LNDCP06HIRRD,2028,0.0091
REGION1,LNDCP06HIRRD,2029,0.0077
REGION1,LNDCP06HIRRD,2030,0.0065
REGION1,LNDCP06HISOC,2016,0.1287
REGION1,LNDCP06HISOC,2017,0.1201
REGION1,LNDCP06HISOC,2018,0.1381
REGION1,LNDCP06HISOC,2019,0.1588
REGION1,LNDCP06HISOC,2020,0.1826
REGION1,LNDCP06HISOC,2021,0.21
REGION1,LNDCP06HISOC,2022,0.2415
REGION1,LNDCP06HISOC,2023,0.2654
REGION1,LNDCP06HISOC,2024,0.2568
REGION1,LNDCP06HISOC,2025,0.2482
REGION1,LNDCP06HISOC,2026,0.2396
REGION1,LNDCP06HISOC,2027,0.231
REGION1,LNDCP06HISOC,2028,0.2225
REGION1,LNDCP06HISOC,2029,0.2139
REGION1,LNDCP06HISOC,2030,0.2053
REGION1,LNDCP06HISOE,2016,0.0717
REGION1,LNDCP06HISOE,2017,0.067
REGION1,LNDCP06HISOE,2018,0.0622
REGION1,LNDCP06HISOE,2019,0.0574
REGION1,LNDCP06HISOE,2020,0.0549
REGION1,LNDCP06HISOE,2021,0.0501
REGION1,LNDCP06HISOE,2022,0.0453
REGION1,LNDCP06HISOE,2023,0.0405
REGION1,LNDCP06HISOE,2024,0.0357
REGION1,LNDCP06HISOE,2025,0.031
REGION1,LNDCP06HISOE,2026,0.0263
REGION1,LNDCP06HISOE,2027,0.0224
REGION1,LNDCP06HISOE,2028,0.019
REGION1,LNDCP06HISOE,2029,0.0162
REGION1,LNDCP06HISOE,2030,0.0137
REGION1,LNDCP06HRMRD,2016,0.1809
REGION1,LNDCP06HRMRD,2017,0.1688
REGION1,LNDCP06HRMRD,2018,0.1567
REGION1,LNDCP06HRMRD,2019,0.1447
REGION1,LNDCP06HRMRD,2020,0.1326
REGION1,LNDCP06HRMRD,2021,0.1206
REGION1,LNDCP06HRMRD,2022,0.1085
REGION1,LNDCP06HRMRD,2023,0.0965
REGION1,LNDCP06HRMRD,2024,0.0834
REGION1,LNDCP06HRMRD,2025,0.0709
REGION1,LNDCP06HRMRD,2026,0.0603
REGION1,LNDCP06HRMRD,2027,0.0512
REGION1,LNDCP06HRMRD,2028,0.0436
REGION1,LNDCP06HRMRD,2029,0.037
REGION1,LNDCP06HRMRD,2030,0.0315
REGION1,LNDCP06HRNOC,2016,0.1963
REGION1,LNDCP06HRNOC,2017,0.1832
REGION1,LNDCP06HRNOC,2018,0.1701
REGION1,LNDCP06HRNOC,2019,0.1571
REGION1,LNDCP06HRNOC,2020,0.1789
REGION1,LNDCP06HRNOC,2021,0.1658
REGION1,LNDCP06HRNOC,2022,0.1527
REGION1,LNDCP06HRNOC,2023,0.1396
REGION1,LNDCP06HRNOC,2024,0.1265
REGION1,LNDCP06HRNOC,2025,0.1134
REGION1,LNDCP06HRNOC,2026,0.1003
REGION1,LNDCP06HRNOC,2027,0.0873
REGION1,LNDCP06HRNOC,2028,0.0742
REGION1,LNDCP06HRNOC,2029,0.063
REGION1,LNDCP06HRNOC,2030,0.0536
REGION1,LNDCP06HRNOE,2016,0.1772
REGION1,LNDCP06HRNOE,2017,0.2037
REGION1,LNDCP06HRNOE,2018,0.2343
REGION1,LNDCP06HRNOE,2019,0.2694
REGION1,LNDCP06HRNOE,2020,0.3099
REGION1,LNDCP06HRNOE,2021,0.3563
REGION1,LNDCP06HRNOE,2022,0.4098
REGION1,LNDCP06HRNOE,2023,0.4712
REGION1,LNDCP06HRNOE,2024,0.5419
REGION1,LNDCP06HRNOE,2025,0.6232
REGION1,LNDCP06HRNOE,2026,0.7167
REGION1,LNDCP06HRNOE,2027,0.8242
REGION1,LNDCP06HRNOE,2028,0.9478
REGION1,LNDCP06HRNOE,2029,1.09
REGION1,LNDCP06HRNOE,2030,1.1997
REGION1,LNDCP06HRNOW,2016,0.233
REGION1,LNDCP06HRNOW,2017,0.2679
REGION1,LNDCP06HRNOW,2018,0.3081
REGION1,LNDCP06HRNOW,2019,0.3543
REGION1,LNDCP06HRNOW,2020,0.4075
REGION1,LNDCP06HRNOW,2021,0.4686
REGION1,LNDCP06HRNOW,2022,0.5389
REGION1,LNDCP06HRNOW,2023,0.6197
REGION1,LNDCP06HRNOW,2024,0.7126
REGION1,LNDCP06HRNOW,2025,0.8195
REGION1,LNDCP06HRNOW,2026,0.9197
REGION1,LNDCP06HRNOW,2027,0.9931
REGION1,LNDCP06HRNOW,2028,1.02
REGION1,LNDCP06HRNOW,2029,1.0479
REGION1,LNDCP06HRNOW,2030,1.0358
REGION1,LNDCP06HRRRD,2016,0.0995
REGION1,LNDCP06HRRRD,2017,0.1106
REGION1,LNDCP06HRRRD,2018,0.1039
REGION1,LNDCP06HRRRD,2019,0.0973
REGION1,LNDCP06HRRRD,2020,0.0907
REGION1,LNDCP06HRRRD,2021,0.084
REGION1,LNDCP06HRRRD,2022,0.0774
REGION1,LNDCP06HRRRD,2023,0.0708
REGION1,LNDCP06HRRRD,2024,0.0641
REGION1,LNDCP06HRRRD,2025,0.0575
REGION1,LNDCP06HRRRD,2026,0.0509
REGION1,LNDCP06HRRRD,2027,0.0442
REGION1,LNDCP06HRRRD,2028,0.0376
REGION1,LNDCP06HRRRD,2029,0.032
REGION1,LNDCP06HRRRD,2030,0.0272
REGION1,LNDCP06HRSOC,2016,0.3473
REGION1,LNDCP06HRSOC,2017,0.3241
REGION1,LNDCP06HRSOC,2018,0.301
REGION1,LNDCP06HRSOC,2019,0.2778
REGION1,LNDCP06HRSOC,2020,0.2547
REGION1,LNDCP06HRSOC,2021,0.2315
REGION1,LNDCP06HRSOC,2022,0.2084
REGION1,LNDCP06HRSOC,2023,0.1852
REGION1,LNDCP06HRSOC,2024,0.1621
REGION1,LNDCP06HRSOC,2025,0.1389
REGION1,LNDCP06HRSOC,2026,0.1181
REGION1,LNDCP06HRSOC,2027,0.1004
REGION1,LNDCP06HRSOC,2028,0.0853
REGION1,LNDCP06HRSOC,2029,0.0725
REGION1,LNDCP06HRSOC,2030,0.0616
REGION1,LNDCP06HRSOE,2016,0.1936
REGION1,LNDCP06HRSOE,2017,0.1807
REGION1,LNDCP06HRSOE,2018,0.1678
REGION1,LNDCP06HRSOE,2019,0.1549
REGION1,LNDCP06HRSOE,2020,0.142
REGION1,LNDCP06HRSOE,2021,0.1291
REGION1,LNDCP06HRSOE,2022,0.1162
REGION1,LNDCP06HRSOE,2023,0.1033
REGION1,LNDCP06HRSOE,2024,0.0904
REGION1,LNDCP06HRSOE,2025,0.0768
REGION1,LNDCP06HRSOE,2026,0.0653
REGION1,LNDCP06HRSOE,2027,0.0555
REGION1,LNDCP06HRSOE,2028,0.0472
REGION1,LNDCP06HRSOE,2029,0.0401
REGION1,LNDCP06HRSOE,2030,0.0341
REGION1,LNDCP06IIMRD,2016,0.067
REGION1,LNDCP06IIMRD,2017,0.0625
REGION1,LNDCP06IIMRD,2018,0.0581
REGION1,LNDCP06IIMRD,2019,0.0536
REGION1,LNDCP06IIMRD,2020,0.0491
REGION1,LNDCP06IIMRD,2021,0.0447
REGION1,LNDCP06IIMRD,2022,0.0402
REGION1,LNDCP06IIMRD,2023,0.0357
REGION1,LNDCP06IIMRD,2024,0.0309
REGION1,LNDCP06IIMRD,2025,0.0263
REGION1,LNDCP06IIMRD,2026,0.0223
REGION1,LNDCP06IIMRD,2027,0.019
REGION1,LNDCP06IIMRD,2028,0.0161
REGION1,LNDCP06IIMRD,2029,0.0137
REGION1,LNDCP06IIMRD,2030,0.0117
REGION1,LNDCP06IINOC,2016,0.0727
REGION1,LNDCP06IINOC,2017,0.0679
REGION1,LNDCP06IINOC,2018,0.0781
REGION1,LNDCP06IINOC,2019,0.0732
REGION1,LNDCP06IINOC,2020,0.0684
REGION1,LNDCP06IINOC,2021,0.0635
REGION1,LNDCP06IINOC,2022,0.0587
REGION1,LNDCP06IINOC,2023,0.0538
REGION1,LNDCP06IINOC,2024,0.049
REGION1,LNDCP06IINOC,2025,0.0441
REGION1,LNDCP06IINOC,2026,0.0393
REGION1,LNDCP06IINOC,2027,0.0344
REGION1,LNDCP06IINOC,2028,0.0296
REGION1,LNDCP06IINOC,2029,0.0251
REGION1,LNDCP06IINOC,2030,0.0214
REGION1,LNDCP06IINOE,2016,0.0656
REGION1,LNDCP06IINOE,2017,0.0613
REGION1,LNDCP06IINOE,2018,0.0569
REGION1,LNDCP06IINOE,2019,0.0525
REGION1,LNDCP06IINOE,2020,0.0604
REGION1,LNDCP06IINOE,2021,0.0694
REGION1,LNDCP06IINOE,2022,0.0651
REGION1,LNDCP06IINOE,2023,0.0607
REGION1,LNDCP06IINOE,2024,0.0563
REGION1,LNDCP06IINOE,2025,0.0519
REGION1,LNDCP06IINOE,2026,0.0476
REGION1,LNDCP06IINOE,2027,0.0432
REGION1,LNDCP06IINOE,2028,0.0388
REGION1,LNDCP06IINOE,2029,0.0344
REGION1,LNDCP06IINOE,2030,0.0301
REGION1,LNDCP06IINOW,2016,0.0863
REGION1,LNDCP06IINOW,2017,0.0806
REGION1,LNDCP06IINOW,2018,0.0748
REGION1,LNDCP06IINOW,2019,0.0691
REGION1,LNDCP06IINOW,2020,0.0794
REGION1,LNDCP06IINOW,2021,0.0913
REGION1,LNDCP06IINOW,2022,0.0856
REGION1,LNDCP06IINOW,2023,0.0798
REGION1,LNDCP06IINOW,2024,0.0741
REGION1,LNDCP06IINOW,2025,0.0683
REGION1,LNDCP06IINOW,2026,0.0626
REGION1,LNDCP06IINOW,2027,0.0568
REGION1,LNDCP06IINOW,2028,0.051
REGION1,LNDCP06IINOW,2029,0.0453
REGION1,LNDCP06IINOW,2030,0.0395
REGION1,LNDCP06IIRRD,2016,0.0369
REGION1,LNDCP06IIRRD,2017,0.0344
REGION1,LNDCP06IIRRD,2018,0.032
REGION1,LNDCP06IIRRD,2019,0.0295
REGION1,LNDCP06IIRRD,2020,0.027
REGION1,LNDCP06IIRRD,2021,0.0246
REGION1,LNDCP06IIRRD,2022,0.0221
REGION1,LNDCP06IIRRD,2023,0.0197
REGION1,LNDCP06IIRRD,2024,0.0172
REGION1,LNDCP06IIRRD,2025,0.0146
REGION1,LNDCP06IIRRD,2026,0.0124
REGION1,LNDCP06IIRRD,2027,0.0106
REGION1,LNDCP06IIRRD,2028,0.009
REGION1,LNDCP06IIRRD,2029,0.0076
REGION1,LNDCP06IIRRD,2030,0.0065
REGION1,LNDCP06IISOC,2016,0.0864
REGION1,LNDCP06IISOC,2017,0.0993
REGION1,LNDCP06IISOC,2018,0.1115
REGION1,LNDCP06IISOC,2019,0.1029
REGION1,LNDCP06IISOC,2020,0.1001
REGION1,LNDCP06IISOC,2021,0.0915
REGION1,LNDCP06IISOC,2022,0.0829
REGION1,LNDCP06IISOC,2023,0.0743
REGION1,LNDCP06IISOC,2024,0.0658
REGION1,LNDCP06IISOC,2025,0.0572
REGION1,LNDCP06IISOC,2026,0.0486
REGION1,LNDCP06IISOC,2027,0.0413
REGION1,LNDCP06IISOC,2028,0.0351
REGION1,LNDCP06IISOC,2029,0.0299
REGION1,LNDCP06IISOC,2030,0.0254
REGION1,LNDCP06IISOE,2016,0.0717
REGION1,LNDCP06IISOE,2017,0.067
REGION1,LNDCP06IISOE,2018,0.0622
REGION1,LNDCP06IISOE,2019,0.0574
REGION1,LNDCP06IISOE,2020,0.0526
REGION1,LNDCP06IISOE,2021,0.0478
REGION1,LNDCP06IISOE,2022,0.043
REGION1,LNDCP06IISOE,2023,0.0383
REGION1,LNDCP06IISOE,2024,0.0335
REGION1,LNDCP06IISOE,2025,0.0287
REGION1,LNDCP06IISOE,2026,0.0244
REGION1,LNDCP06IISOE,2027,0.0207
REGION1,LNDCP06IISOE,2028,0.0176
REGION1,LNDCP06IISOE,2029,0.015
REGION1,LNDCP06IISOE,2030,0.0127
REGION1,LNDCP06IRMRD,2016,0.0226
REGION1,LNDCP06IRMRD,2017,0.0211
REGION1,LNDCP06IRMRD,2018,0.0196
REGION1,LNDCP06IRMRD,2019,0.0181
REGION1,LNDCP06IRMRD,2020,0.0166
REGION1,LNDCP06IRMRD,2021,0.0151
REGION1,LNDCP06IRMRD,2022,0.0136
REGION1,LNDCP06IRMRD,2023,0.0115
REGION1,LNDCP06IRMRD,2024,0.0098
REGION1,LNDCP06IRMRD,2025,0.0083
REGION1,LNDCP06IRMRD,2026,0.0071
REGION1,LNDCP06IRMRD,2027,0.006
REGION1,LNDCP06IRMRD,2028,0.0051
REGION1,LNDCP06IRMRD,2029,0.0043
REGION1,LNDCP06IRMRD,2030,0.0037
REGION1,LNDCP06IRNOC,2016,0.0245
REGION1,LNDCP06IRNOC,2017,0.0229
REGION1,LNDCP06IRNOC,2018,0.0263
REGION1,LNDCP06IRNOC,2019,0.0247
REGION1,LNDCP06IRNOC,2020,0.0231
REGION1,LNDCP06IRNOC,2021,0.0214
REGION1,LNDCP06IRNOC,2022,0.0198
REGION1,LNDCP06IRNOC,2023,0.0182
REGION1,LNDCP06IRNOC,2024,0.0165
REGION1,LNDCP06IRNOC,2025,0.0149
REGION1,LNDCP06IRNOC,2026,0.0133
REGION1,LNDCP06IRNOC,2027,0.0116
REGION1,LNDCP06IRNOC,2028,0.01
REGION1,LNDCP06IRNOC,2029,0.0085
REGION1,LNDCP06IRNOC,2030,0.0072
REGION1,LNDCP06IRNOE,2016,0.0852
REGION1,LNDCP06IRNOE,2017,0.098
REGION1,LNDCP06IRNOE,2018,0.1127
REGION1,LNDCP06IRNOE,2019,0.1297
REGION1,LNDCP06IRNOE,2020,0.1491
REGION1,LNDCP06IRNOE,2021,0.1715
REGION1,LNDCP06IRNOE,2022,0.1972
REGION1,LNDCP06IRNOE,2023,0.2268
REGION1,LNDCP06IRNOE,2024,0.2608
REGION1,LNDCP06IRNOE,2025,0.2999
REGION1,LNDCP06IRNOE,2026,0.3449
REGION1,LNDCP06IRNOE,2027,0.3966
REGION1,LNDCP06IRNOE,2028,0.4561
REGION1,LNDCP06IRNOE,2029,0.4751
REGION1,LNDCP06IRNOE,2030,0.5464
REGION1,LNDCP06IRNOW,2016,0.0291
REGION1,LNDCP06IRNOW,2017,0.0335
REGION1,LNDCP06IRNOW,2018,0.0385
REGION1,LNDCP06IRNOW,2019,0.0443
REGION1,LNDCP06IRNOW,2020,0.0509
REGION1,LNDCP06IRNOW,2021,0.0586
REGION1,LNDCP06IRNOW,2022,0.0674
REGION1,LNDCP06IRNOW,2023,0.0775
REGION1,LNDCP06IRNOW,2024,0.0891
REGION1,LNDCP06IRNOW,2025,0.1024
REGION1,LNDCP06IRNOW,2026,0.1178
REGION1,LNDCP06IRNOW,2027,0.1355
REGION1,LNDCP06IRNOW,2028,0.1558
REGION1,LNDCP06IRNOW,2029,0.1792
REGION1,LNDCP06IRNOW,2030,0.206
REGION1,LNDCP06IRRRD,2016,0.0124
REGION1,LNDCP06IRRRD,2017,0.0116
REGION1,LNDCP06IRRRD,2018,0.0108
REGION1,LNDCP06IRRRD,2019,0.01
REGION1,LNDCP06IRRRD,2020,0.0091
REGION1,LNDCP06IRRRD,2021,0.0083
REGION1,LNDCP06IRRRD,2022,0.0075
REGION1,LNDCP06IRRRD,2023,0.0066
REGION1,LNDCP06IRRRD,2024,0.0058
REGION1,LNDCP06IRRRD,2025,0.0049
REGION1,LNDCP06IRRRD,2026,0.0042
REGION1,LNDCP06IRRRD,2027,0.0036
REGION1,LNDCP06IRRRD,2028,0.003
REGION1,LNDCP06IRRRD,2029,0.0026
REGION1,LNDCP06IRRRD,2030,0.0022
REGION1,LNDCP06IRSOC,2016,0.0284
REGION1,LNDCP06IRSOC,2017,0.0327
REGION1,LNDCP06IRSOC,2018,0.0376
REGION1,LNDCP06IRSOC,2019,0.0347
REGION1,LNDCP06IRSOC,2020,0.0318
REGION1,LNDCP06IRSOC,2021,0.0289
REGION1,LNDCP06IRSOC,2022,0.026
REGION1,LNDCP06IRSOC,2023,0.0232
REGION1,LNDCP06IRSOC,2024,0.0203
REGION1,LNDCP06IRSOC,2025,0.0172
REGION1,LNDCP06IRSOC,2026,0.0146
REGION1,LNDCP06IRSOC,2027,0.0124
REGION1,LNDCP06IRSOC,2028,0.0106
REGION1,LNDCP06IRSOC,2029,0.009
REGION1,LNDCP06IRSOC,2030,0.0076
REGION1,LNDCP06IRSOE,2016,0.0196
REGION1,LNDCP06IRSOE,2017,0.0226
REGION1,LNDCP06IRSOE,2018,0.021
REGION1,LNDCP06IRSOE,2019,0.0194
REGION1,LNDCP06IRSOE,2020,0.0177
REGION1,LNDCP06IRSOE,2021,0.0161
REGION1,LNDCP06IRSOE,2022,0.0145
REGION1,LNDCP06IRSOE,2023,0.0129
REGION1,LNDCP06IRSOE,2024,0.0112
REGION1,LNDCP06IRSOE,2025,0.0095
REGION1,LNDCP06IRSOE,2026,0.0081
REGION1,LNDCP06IRSOE,2027,0.0069
REGION1,LNDCP06IRSOE,2028,0.0058
REGION1,LNDCP06IRSOE,2029,0.005
REGION1,LNDCP06IRSOE,2030,0.0042
REGION1,LNDCP06LRMRD,2016,0.0148
REGION1,LNDCP06LRMRD,2017,0.017
REGION1,LNDCP06LRMRD,2018,0.0196
REGION1,LNDCP06LRMRD,2019,0.0181
REGION1,LNDCP06LRMRD,2020,0.0154
REGION1,LNDCP06LRMRD,2021,0.0131
REGION1,LNDCP06LRMRD,2022,0.0111
REGION1,LNDCP06LRMRD,2023,0.0094
REGION1,LNDCP06LRMRD,2024,0.008
REGION1,LNDCP06LRMRD,2025,0.0068
REGION1,LNDCP06LRMRD,2026,0.0058
REGION1,LNDCP06LRMRD,2027,0.0049
REGION1,LNDCP06LRMRD,2028,0.0042
REGION1,LNDCP06LRMRD,2029,0.0036
REGION1,LNDCP06LRMRD,2030,0.003
REGION1,LNDCP06LRNOC,2016,0.0161
REGION1,LNDCP06LRNOC,2017,0.0185
REGION1,LNDCP06LRNOC,2018,0.0213
REGION1,LNDCP06LRNOC,2019,0.0196
REGION1,LNDCP06LRNOC,2020,0.018
REGION1,LNDCP06LRNOC,2021,0.0164
REGION1,LNDCP06LRNOC,2022,0.0147
REGION1,LNDCP06LRNOC,2023,0.0125
REGION1,LNDCP06LRNOC,2024,0.0107
REGION1,LNDCP06LRNOC,2025,0.0091
REGION1,LNDCP06LRNOC,2026,0.0077
REGION1,LNDCP06LRNOC,2027,0.0065
REGION1,LNDCP06LRNOC,2028,0.0056
REGION1,LNDCP06LRNOC,2029,0.0047
REGION1,LNDCP06LRNOC,2030,0.004
REGION1,LNDCP06LRNOE,2016,0.0145
REGION1,LNDCP06LRNOE,2017,0.0167
REGION1,LNDCP06LRNOE,2018,0.0192
REGION1,LNDCP06LRNOE,2019,0.0177
REGION1,LNDCP06LRNOE,2020,0.0162
REGION1,LNDCP06LRNOE,2021,0.0148
REGION1,LNDCP06LRNOE,2022,0.0133
REGION1,LNDCP06LRNOE,2023,0.0118
REGION1,LNDCP06LRNOE,2024,0.0103
REGION1,LNDCP06LRNOE,2025,0.0089
REGION1,LNDCP06LRNOE,2026,0.0075
REGION1,LNDCP06LRNOE,2027,0.0064
REGION1,LNDCP06LRNOE,2028,0.0054
REGION1,LNDCP06LRNOE,2029,0.0046
REGION1,LNDCP06LRNOE,2030,0.0039
REGION1,LNDCP06LRNOW,2016,0.0142
REGION1,LNDCP06LRNOW,2017,0.0163
REGION1,LNDCP06LRNOW,2018,0.0187
REGION1,LNDCP06LRNOW,2019,0.0215
REGION1,LNDCP06LRNOW,2020,0.0248
REGION1,LNDCP06LRNOW,2021,0.0285
REGION1,LNDCP06LRNOW,2022,0.0265
REGION1,LNDCP06LRNOW,2023,0.0246
REGION1,LNDCP06LRNOW,2024,0.0226
REGION1,LNDCP06LRNOW,2025,0.0207
REGION1,LNDCP06LRNOW,2026,0.0188
REGION1,LNDCP06LRNOW,2027,0.0168
REGION1,LNDCP06LRNOW,2028,0.0149
REGION1,LNDCP06LRNOW,2029,0.0129
REGION1,LNDCP06LRNOW,2030,0.011
REGION1,LNDCP06LRRRD,2016,0.0124
REGION1,LNDCP06LRRRD,2017,0.0116
REGION1,LNDCP06LRRRD,2018,0.0108
REGION1,LNDCP06LRRRD,2019,0.01
REGION1,LNDCP06LRRRD,2020,0.0091
REGION1,LNDCP06LRRRD,2021,0.0083
REGION1,LNDCP06LRRRD,2022,0.007
REGION1,LNDCP06LRRRD,2023,0.006
REGION1,LNDCP06LRRRD,2024,0.0051
REGION1,LNDCP06LRRRD,2025,0.0043
REGION1,LNDCP06LRRRD,2026,0.0037
REGION1,LNDCP06LRRRD,2027,0.0031
REGION1,LNDCP06LRRRD,2028,0.0027
REGION1,LNDCP06LRRRD,2029,0.0023
REGION1,LNDCP06LRRRD,2030,0.0019
REGION1,LNDCP06LRSOC,2016,0.0228
REGION1,LNDCP06LRSOC,2017,0.0263
REGION1,LNDCP06LRSOC,2018,0.0302
REGION1,LNDCP06LRSOC,2019,0.0347
REGION1,LNDCP06LRSOC,2020,0.0318
REGION1,LNDCP06LRSOC,2021,0.0289
REGION1,LNDCP06LRSOC,2022,0.026
REGION1,LNDCP06LRSOC,2023,0.0221
REGION1,LNDCP06LRSOC,2024,0.0188
REGION1,LNDCP06LRSOC,2025,0.016
REGION1,LNDCP06LRSOC,2026,0.0136
REGION1,LNDCP06LRSOC,2027,0.0116
REGION1,LNDCP06LRSOC,2028,0.0098
REGION1,LNDCP06LRSOC,2029,0.0083
REGION1,LNDCP06LRSOC,2030,0.0071
REGION1,LNDCP06LRSOE,2016,0.0127
REGION1,LNDCP06LRSOE,2017,0.0146
REGION1,LNDCP06LRSOE,2018,0.0168
REGION1,LNDCP06LRSOE,2019,0.0194
REGION1,LNDCP06LRSOE,2020,0.0165
REGION1,LNDCP06LRSOE,2021,0.014
REGION1,LNDCP06LRSOE,2022,0.0119
REGION1,LNDCP06LRSOE,2023,0.0101
REGION1,LNDCP06LRSOE,2024,0.0086
REGION1,LNDCP06LRSOE,2025,0.0073
REGION1,LNDCP06LRSOE,2026,0.0062
REGION1,LNDCP06LRSOE,2027,0.0053
REGION1,LNDCP06LRSOE,2028,0.0045
REGION1,LNDCP06LRSOE,2029,0.0038
REGION1,LNDCP06LRSOE,2030,0.0032
REGION1,LNDCP07HIMRD,2016,0.0796
REGION1,LNDCP07HIMRD,2017,0.0743
REGION1,LNDCP07HIMRD,2018,0.069
REGION1,LNDCP07HIMRD,2019,0.0637
REGION1,LNDCP07HIMRD,2020,0.0584
REGION1,LNDCP07HIMRD,2021,0.0531
REGION1,LNDCP07HIMRD,2022,0.0478
REGION1,LNDCP07HIMRD,2023,0.0425
REGION1,LNDCP07HIMRD,2024,0.0372
REGION1,LNDCP07HIMRD,2025,0.0316
REGION1,LNDCP07HIMRD,2026,0.0269
REGION1,LNDCP07HIMRD,2027,0.0228
REGION1,LNDCP07HIMRD,2028,0.0194
REGION1,LNDCP07HIMRD,2029,0.0165
REGION1,LNDCP07HIMRD,2030,0.014
REGION1,LNDCP07HINOC,2016,0.0865
REGION1,LNDCP07HINOC,2017,0.0807
REGION1,LNDCP07HINOC,2018,0.0749
REGION1,LNDCP07HINOC,2019,0.0692
REGION1,LNDCP07HINOC,2020,0.0634
REGION1,LNDCP07HINOC,2021,0.0576
REGION1,LNDCP07HINOC,2022,0.0519
REGION1,LNDCP07HINOC,2023,0.0461
REGION1,LNDCP07HINOC,2024,0.0403
REGION1,LNDCP07HINOC,2025,0.0346
REGION1,LNDCP07HINOC,2026,0.0294
REGION1,LNDCP07HINOC,2027,0.025
REGION1,LNDCP07HINOC,2028,0.0212
REGION1,LNDCP07HINOC,2029,0.0181
REGION1,LNDCP07HINOC,2030,0.0153
REGION1,LNDCP07HINOE,2016,0.078
REGION1,LNDCP07HINOE,2017,0.0728
REGION1,LNDCP07HINOE,2018,0.0676
REGION1,LNDCP07HINOE,2019,0.0624
REGION1,LNDCP07HINOE,2020,0.0572
REGION1,LNDCP07HINOE,2021,0.052
REGION1,LNDCP07HINOE,2022,0.0468
REGION1,LNDCP07HINOE,2023,0.0416
REGION1,LNDCP07HINOE,2024,0.0364
REGION1,LNDCP07HINOE,2025,0.0309
REGION1,LNDCP07HINOE,2026,0.0263
REGION1,LNDCP07HINOE,2027,0.0224
REGION1,LNDCP07HINOE,2028,0.019
REGION1,LNDCP07HINOE,2029,0.0162
REGION1,LNDCP07HINOE,2030,0.0137
REGION1,LNDCP07HINOW,2016,0.1026
REGION1,LNDCP07HINOW,2017,0.0957
REGION1,LNDCP07HINOW,2018,0.0889
REGION1,LNDCP07HINOW,2019,0.0821
REGION1,LNDCP07HINOW,2020,0.0752
REGION1,LNDCP07HINOW,2021,0.0684
REGION1,LNDCP07HINOW,2022,0.0616
REGION1,LNDCP07HINOW,2023,0.0547
REGION1,LNDCP07HINOW,2024,0.0479
REGION1,LNDCP07HINOW,2025,0.0407
REGION1,LNDCP07HINOW,2026,0.0346
REGION1,LNDCP07HINOW,2027,0.0294
REGION1,LNDCP07HINOW,2028,0.025
REGION1,LNDCP07HINOW,2029,0.0212
REGION1,LNDCP07HINOW,2030,0.0181
REGION1,LNDCP07HIRRD,2016,0.0438
REGION1,LNDCP07HIRRD,2017,0.0409
REGION1,LNDCP07HIRRD,2018,0.038
REGION1,LNDCP07HIRRD,2019,0.0351
REGION1,LNDCP07HIRRD,2020,0.0321
REGION1,LNDCP07HIRRD,2021,0.0292
REGION1,LNDCP07HIRRD,2022,0.0263
REGION1,LNDCP07HIRRD,2023,0.0234
REGION1,LNDCP07HIRRD,2024,0.0204
REGION1,LNDCP07HIRRD,2025,0.0174
REGION1,LNDCP07HIRRD,2026,0.0148
REGION1,LNDCP07HIRRD,2027,0.0126
REGION1,LNDCP07HIRRD,2028,0.0107
REGION1,LNDCP07HIRRD,2029,0.0091
REGION1,LNDCP07HIRRD,2030,0.0077
REGION1,LNDCP07HISOC,2016,0.1529
REGION1,LNDCP07HISOC,2017,0.1427
REGION1,LNDCP07HISOC,2018,0.1325
REGION1,LNDCP07HISOC,2019,0.6376
REGION1,LNDCP07HISOC,2020,1.3486
REGION1,LNDCP07HISOC,2021,2.0726
REGION1,LNDCP07HISOC,2022,2.7775
REGION1,LNDCP07HISOC,2023,3.4285
REGION1,LNDCP07HISOC,2024,3.5881
REGION1,LNDCP07HISOC,2025,3.5779
REGION1,LNDCP07HISOC,2026,3.5677
REGION1,LNDCP07HISOC,2027,3.5575
REGION1,LNDCP07HISOC,2028,3.5474
REGION1,LNDCP07HISOC,2029,3.5372
REGION1,LNDCP07HISOC,2030,3.527
REGION1,LNDCP07HISOE,2016,0.0853
REGION1,LNDCP07HISOE,2017,0.9072
REGION1,LNDCP07HISOE,2018,1.3426
REGION1,LNDCP07HISOE,2019,1.337
REGION1,LNDCP07HISOE,2020,1.3313
REGION1,LNDCP07HISOE,2021,1.3256
REGION1,LNDCP07HISOE,2022,1.3199
REGION1,LNDCP07HISOE,2023,1.3142
REGION1,LNDCP07HISOE,2024,1.7953
REGION1,LNDCP07HISOE,2025,2.446
REGION1,LNDCP07HISOE,2026,3.0539
REGION1,LNDCP07HISOE,2027,3.6079
REGION1,LNDCP07HISOE,2028,4.1251
REGION1,LNDCP07HISOE,2029,4.6065
REGION1,LNDCP07HISOE,2030,4.9875
REGION1,LNDCP07HRMRD,2016,0.6862
REGION1,LNDCP07HRMRD,2017,0.6405
REGION1,LNDCP07HRMRD,2018,0.5947
REGION1,LNDCP07HRMRD,2019,0.549
REGION1,LNDCP07HRMRD,2020,0.5032
REGION1,LNDCP07HRMRD,2021,0.4575
REGION1,LNDCP07HRMRD,2022,0.4117
REGION1,LNDCP07HRMRD,2023,0.366
REGION1,LNDCP07HRMRD,2024,0.3166
REGION1,LNDCP07HRMRD,2025,0.2691
REGION1,LNDCP07HRMRD,2026,0.2287
REGION1,LNDCP07HRMRD,2027,0.1944
REGION1,LNDCP07HRMRD,2028,0.1653
REGION1,LNDCP07HRMRD,2029,0.1405
REGION1,LNDCP07HRMRD,2030,0.1194
REGION1,LNDCP07HRNOC,2016,0.7449
REGION1,LNDCP07HRNOC,2017,0.6952
REGION1,LNDCP07HRNOC,2018,0.6456
REGION1,LNDCP07HRNOC,2019,0.5959
REGION1,LNDCP07HRNOC,2020,0.5463
REGION1,LNDCP07HRNOC,2021,0.4966
REGION1,LNDCP07HRNOC,2022,0.4469
REGION1,LNDCP07HRNOC,2023,0.3973
REGION1,LNDCP07HRNOC,2024,0.3476
REGION1,LNDCP07HRNOC,2025,0.298
REGION1,LNDCP07HRNOC,2026,0.2533
REGION1,LNDCP07HRNOC,2027,0.2153
REGION1,LNDCP07HRNOC,2028,0.183
REGION1,LNDCP07HRNOC,2029,0.1555
REGION1,LNDCP07HRNOC,2030,0.1322
REGION1,LNDCP07HRNOE,2016,0.6722
REGION1,LNDCP07HRNOE,2017,0.6274
REGION1,LNDCP07HRNOE,2018,0.5826
REGION1,LNDCP07HRNOE,2019,0.5377
REGION1,LNDCP07HRNOE,2020,0.4929
REGION1,LNDCP07HRNOE,2021,0.4481
REGION1,LNDCP07HRNOE,2022,0.4033
REGION1,LNDCP07HRNOE,2023,0.3585
REGION1,LNDCP07HRNOE,2024,0.3137
REGION1,LNDCP07HRNOE,2025,0.2689
REGION1,LNDCP07HRNOE,2026,0.2285
REGION1,LNDCP07HRNOE,2027,0.1943
REGION1,LNDCP07HRNOE,2028,0.1651
REGION1,LNDCP07HRNOE,2029,0.1404
REGION1,LNDCP07HRNOE,2030,0.1193
REGION1,LNDCP07HRNOW,2016,0.8839
REGION1,LNDCP07HRNOW,2017,0.825
REGION1,LNDCP07HRNOW,2018,0.7661
REGION1,LNDCP07HRNOW,2019,0.7071
REGION1,LNDCP07HRNOW,2020,0.6482
REGION1,LNDCP07HRNOW,2021,0.5893
REGION1,LNDCP07HRNOW,2022,0.5303
REGION1,LNDCP07HRNOW,2023,0.4714
REGION1,LNDCP07HRNOW,2024,0.4125
REGION1,LNDCP07HRNOW,2025,0.3536
REGION1,LNDCP07HRNOW,2026,0.3005
REGION1,LNDCP07HRNOW,2027,0.2555
REGION1,LNDCP07HRNOW,2028,0.2171
REGION1,LNDCP07HRNOW,2029,0.1846
REGION1,LNDCP07HRNOW,2030,0.1569
REGION1,LNDCP07HRRRD,2016,0.3775
REGION1,LNDCP07HRRRD,2017,0.3524
REGION1,LNDCP07HRRRD,2018,0.3272
REGION1,LNDCP07HRRRD,2019,0.302
REGION1,LNDCP07HRRRD,2020,0.2769
REGION1,LNDCP07HRRRD,2021,0.2517
REGION1,LNDCP07HRRRD,2022,0.2265
REGION1,LNDCP07HRRRD,2023,0.2014
REGION1,LNDCP07HRRRD,2024,0.1762
REGION1,LNDCP07HRRRD,2025,0.1498
REGION1,LNDCP07HRRRD,2026,0.1273
REGION1,LNDCP07HRRRD,2027,0.1082
REGION1,LNDCP07HRRRD,2028,0.092
REGION1,LNDCP07HRRRD,2029,0.0782
REGION1,LNDCP07HRRRD,2030,0.0664
REGION1,LNDCP07HRSOC,2016,1.3176
REGION1,LNDCP07HRSOC,2017,1.2297
REGION1,LNDCP07HRSOC,2018,1.1419
REGION1,LNDCP07HRSOC,2019,1.0541
REGION1,LNDCP07HRSOC,2020,0.9662
REGION1,LNDCP07HRSOC,2021,0.8784
REGION1,LNDCP07HRSOC,2022,0.7905
REGION1,LNDCP07HRSOC,2023,0.7027
REGION1,LNDCP07HRSOC,2024,0.6149
REGION1,LNDCP07HRSOC,2025,0.527
REGION1,LNDCP07HRSOC,2026,0.448
REGION1,LNDCP07HRSOC,2027,0.3808
REGION1,LNDCP07HRSOC,2028,0.3237
REGION1,LNDCP07HRSOC,2029,0.2751
REGION1,LNDCP07HRSOC,2030,0.2338
REGION1,LNDCP07HRSOE,2016,0.7347
REGION1,LNDCP07HRSOE,2017,0.6857
REGION1,LNDCP07HRSOE,2018,0.6367
REGION1,LNDCP07HRSOE,2019,0.5877
REGION1,LNDCP07HRSOE,2020,0.5388
REGION1,LNDCP07HRSOE,2021,0.4898
REGION1,LNDCP07HRSOE,2022,0.4408
REGION1,LNDCP07HRSOE,2023,0.3918
REGION1,LNDCP07HRSOE,2024,0.3429
REGION1,LNDCP07HRSOE,2025,0.2939
REGION1,LNDCP07HRSOE,2026,0.2498
REGION1,LNDCP07HRSOE,2027,0.2123
REGION1,LNDCP07HRSOE,2028,0.1805
REGION1,LNDCP07HRSOE,2029,0.1534
REGION1,LNDCP07HRSOE,2030,0.1304
REGION1,LNDCP07IIMRD,2016,0.0796
REGION1,LNDCP07IIMRD,2017,0.0743
REGION1,LNDCP07IIMRD,2018,0.069
REGION1,LNDCP07IIMRD,2019,0.0637
REGION1,LNDCP07IIMRD,2020,0.0584
REGION1,LNDCP07IIMRD,2021,0.0531
REGION1,LNDCP07IIMRD,2022,0.0478
REGION1,LNDCP07IIMRD,2023,0.0425
REGION1,LNDCP07IIMRD,2024,0.0367
REGION1,LNDCP07IIMRD,2025,0.0312
REGION1,LNDCP07IIMRD,2026,0.0265
REGION1,LNDCP07IIMRD,2027,0.0226
REGION1,LNDCP07IIMRD,2028,0.0192
REGION1,LNDCP07IIMRD,2029,0.0163
REGION1,LNDCP07IIMRD,2030,0.0139
REGION1,LNDCP07IINOC,2016,0.0865
REGION1,LNDCP07IINOC,2017,0.0807
REGION1,LNDCP07IINOC,2018,0.0749
REGION1,LNDCP07IINOC,2019,0.0692
REGION1,LNDCP07IINOC,2020,0.0634
REGION1,LNDCP07IINOC,2021,0.0576
REGION1,LNDCP07IINOC,2022,0.0519
REGION1,LNDCP07IINOC,2023,0.0461
REGION1,LNDCP07IINOC,2024,0.0403
REGION1,LNDCP07IINOC,2025,0.0346
REGION1,LNDCP07IINOC,2026,0.0294
REGION1,LNDCP07IINOC,2027,0.025
REGION1,LNDCP07IINOC,2028,0.0212
REGION1,LNDCP07IINOC,2029,0.0181
REGION1,LNDCP07IINOC,2030,0.0153
REGION1,LNDCP07IINOE,2016,0.078
REGION1,LNDCP07IINOE,2017,0.0728
REGION1,LNDCP07IINOE,2018,0.0676
REGION1,LNDCP07IINOE,2019,0.0624
REGION1,LNDCP07IINOE,2020,0.0572
REGION1,LNDCP07IINOE,2021,0.052
REGION1,LNDCP07IINOE,2022,0.0468
REGION1,LNDCP07IINOE,2023,0.0416
REGION1,LNDCP07IINOE,2024,0.0364
REGION1,LNDCP07IINOE,2025,0.0309
REGION1,LNDCP07IINOE,2026,0.0263
REGION1,LNDCP07IINOE,2027,0.0224
REGION1,LNDCP07IINOE,2028,0.019
REGION1,LNDCP07IINOE,2029,0.0162
REGION1,LNDCP07IINOE,2030,0.0137
REGION1,LNDCP07IINOW,2016,0.1026
REGION1,LNDCP07IINOW,2017,0.0872
REGION1,LNDCP07IINOW,2018,0.0889
REGION1,LNDCP07IINOW,2019,0.0821
REGION1,LNDCP07IINOW,2020,0.0752
REGION1,LNDCP07IINOW,2021,0.0684
REGION1,LNDCP07IINOW,2022,0.0616
REGION1,LNDCP07IINOW,2023,0.0547
REGION1,LNDCP07IINOW,2024,0.0479
REGION1,LNDCP07IINOW,2025,0.0407
REGION1,LNDCP07IINOW,2026,0.0346
REGION1,LNDCP07IINOW,2027,0.0294
REGION1,LNDCP07IINOW,2028,0.025
REGION1,LNDCP07IINOW,2029,0.0212
REGION1,LNDCP07IINOW,2030,0.0181
REGION1,LNDCP07IIRRD,2016,0.0438
REGION1,LNDCP07IIRRD,2017,0.0409
REGION1,LNDCP07IIRRD,2018,0.038
REGION1,LNDCP07IIRRD,2019,0.0351
REGION1,LNDCP07IIRRD,2020,0.0321
REGION1,LNDCP07IIRRD,2021,0.0292
REGION1,LNDCP07IIRRD,2022,0.0263
REGION1,LNDCP07IIRRD,2023,0.0234
REGION1,LNDCP07IIRRD,2024,0.0202
REGION1,LNDCP07IIRRD,2025,0.0172
REGION1,LNDCP07IIRRD,2026,0.0146
REGION1,LNDCP07IIRRD,2027,0.0124
REGION1,LNDCP07IIRRD,2028,0.0106
REGION1,LNDCP07IIRRD,2029,0.009
REGION1,LNDCP07IIRRD,2030,0.0076
REGION1,LNDCP07IISOC,2016,0.1529
REGION1,LNDCP07IISOC,2017,0.1427
REGION1,LNDCP07IISOC,2018,0.1325
REGION1,LNDCP07IISOC,2019,0.1223
REGION1,LNDCP07IISOC,2020,0.1121
REGION1,LNDCP07IISOC,2021,0.1019
REGION1,LNDCP07IISOC,2022,0.0918
REGION1,LNDCP07IISOC,2023,0.0816
REGION1,LNDCP07IISOC,2024,0.0714
REGION1,LNDCP07IISOC,2025,0.0612
REGION1,LNDCP07IISOC,2026,0.052
REGION1,LNDCP07IISOC,2027,0.0442
REGION1,LNDCP07IISOC,2028,0.0376
REGION1,LNDCP07IISOC,2029,0.0319
REGION1,LNDCP07IISOC,2030,0.0271
REGION1,LNDCP07IISOE,2016,0.0853
REGION1,LNDCP07IISOE,2017,0.0796
REGION1,LNDCP07IISOE,2018,0.0739
REGION1,LNDCP07IISOE,2019,0.0682
REGION1,LNDCP07IISOE,2020,0.0625
REGION1,LNDCP07IISOE,2021,0.0568
REGION1,LNDCP07IISOE,2022,0.0512
REGION1,LNDCP07IISOE,2023,0.0455
REGION1,LNDCP07IISOE,2024,0.0398
REGION1,LNDCP07IISOE,2025,0.0341
REGION1,LNDCP07IISOE,2026,0.029
REGION1,LNDCP07IISOE,2027,0.0246
REGION1,LNDCP07IISOE,2028,0.0209
REGION1,LNDCP07IISOE,2029,0.0178
REGION1,LNDCP07IISOE,2030,0.0151
REGION1,LNDCP07IRMRD,2016,0.0858
REGION1,LNDCP07IRMRD,2017,0.0801
REGION1,LNDCP07IRMRD,2018,0.0743
REGION1,LNDCP07IRMRD,2019,0.0686
REGION1,LNDCP07IRMRD,2020,0.0629
REGION1,LNDCP07IRMRD,2021,0.0535
REGION1,LNDCP07IRMRD,2022,0.0454
REGION1,LNDCP07IRMRD,2023,0.0387
REGION1,LNDCP07IRMRD,2024,0.0329
REGION1,LNDCP07IRMRD,2025,0.0279
REGION1,LNDCP07IRMRD,2026,0.0237
REGION1,LNDCP07IRMRD,2027,0.0202
REGION1,LNDCP07IRMRD,2028,0.0172
REGION1,LNDCP07IRMRD,2029,0.0146
REGION1,LNDCP07IRMRD,2030,0.0124
REGION1,LNDCP07IRNOC,2016,0.0931
REGION1,LNDCP07IRNOC,2017,0.0869
REGION1,LNDCP07IRNOC,2018,0.0807
REGION1,LNDCP07IRNOC,2019,0.0745
REGION1,LNDCP07IRNOC,2020,0.0683
REGION1,LNDCP07IRNOC,2021,0.0621
REGION1,LNDCP07IRNOC,2022,0.0559
REGION1,LNDCP07IRNOC,2023,0.0497
REGION1,LNDCP07IRNOC,2024,0.0435
REGION1,LNDCP07IRNOC,2025,0.0372
REGION1,LNDCP07IRNOC,2026,0.0317
REGION1,LNDCP07IRNOC,2027,0.0269
REGION1,LNDCP07IRNOC,2028,0.0229
REGION1,LNDCP07IRNOC,2029,0.0194
REGION1,LNDCP07IRNOC,2030,0.0165
REGION1,LNDCP07IRNOE,2016,0.084
REGION1,LNDCP07IRNOE,2017,0.0784
REGION1,LNDCP07IRNOE,2018,0.0728
REGION1,LNDCP07IRNOE,2019,0.0672
REGION1,LNDCP07IRNOE,2020,0.0616
REGION1,LNDCP07IRNOE,2021,0.056
REGION1,LNDCP07IRNOE,2022,0.0504
REGION1,LNDCP07IRNOE,2023,0.0448
REGION1,LNDCP07IRNOE,2024,0.0392
REGION1,LNDCP07IRNOE,2025,0.0336
REGION1,LNDCP07IRNOE,2026,0.0286
REGION1,LNDCP07IRNOE,2027,0.0243
REGION1,LNDCP07IRNOE,2028,0.0206
REGION1,LNDCP07IRNOE,2029,0.0175
REGION1,LNDCP07IRNOE,2030,0.0149
REGION1,LNDCP07IRNOW,2016,0.1105
REGION1,LNDCP07IRNOW,2017,0.0939
REGION1,LNDCP07IRNOW,2018,0.0958
REGION1,LNDCP07IRNOW,2019,0.0884
REGION1,LNDCP07IRNOW,2020,0.081
REGION1,LNDCP07IRNOW,2021,0.0737
REGION1,LNDCP07IRNOW,2022,0.0663
REGION1,LNDCP07IRNOW,2023,0.0589
REGION1,LNDCP07IRNOW,2024,0.0516
REGION1,LNDCP07IRNOW,2025,0.0438
REGION1,LNDCP07IRNOW,2026,0.0373
REGION1,LNDCP07IRNOW,2027,0.0317
REGION1,LNDCP07IRNOW,2028,0.0269
REGION1,LNDCP07IRNOW,2029,0.0229
REGION1,LNDCP07IRNOW,2030,0.0194
REGION1,LNDCP07IRRRD,2016,0.0472
REGION1,LNDCP07IRRRD,2017,0.044
REGION1,LNDCP07IRRRD,2018,0.0409
REGION1,LNDCP07IRRRD,2019,0.0378
REGION1,LNDCP07IRRRD,2020,0.0346
REGION1,LNDCP07IRRRD,2021,0.0315
REGION1,LNDCP07IRRRD,2022,0.0283
REGION1,LNDCP07IRRRD,2023,0.0252
REGION1,LNDCP07IRRRD,2024,0.0218
REGION1,LNDCP07IRRRD,2025,0.0185
REGION1,LNDCP07IRRRD,2026,0.0157
REGION1,LNDCP07IRRRD,2027,0.0134
REGION1,LNDCP07IRRRD,2028,0.0114
REGION1,LNDCP07IRRRD,2029,0.0097
REGION1,LNDCP07IRRRD,2030,0.0082
REGION1,LNDCP07IRSOC,2016,0.1647
REGION1,LNDCP07IRSOC,2017,0.1537
REGION1,LNDCP07IRSOC,2018,0.1427
REGION1,LNDCP07IRSOC,2019,0.1318
REGION1,LNDCP07IRSOC,2020,0.1208
REGION1,LNDCP07IRSOC,2021,0.1098
REGION1,LNDCP07IRSOC,2022,0.0988
REGION1,LNDCP07IRSOC,2023,0.0878
REGION1,LNDCP07IRSOC,2024,0.0769
REGION1,LNDCP07IRSOC,2025,0.0659
REGION1,LNDCP07IRSOC,2026,0.056
REGION1,LNDCP07IRSOC,2027,0.0476
REGION1,LNDCP07IRSOC,2028,0.0405
REGION1,LNDCP07IRSOC,2029,0.0344
REGION1,LNDCP07IRSOC,2030,0.0292
REGION1,LNDCP07IRSOE,2016,0.0918
REGION1,LNDCP07IRSOE,2017,0.0857
REGION1,LNDCP07IRSOE,2018,0.0796
REGION1,LNDCP07IRSOE,2019,0.0735
REGION1,LNDCP07IRSOE,2020,0.0673
REGION1,LNDCP07IRSOE,2021,0.0612
REGION1,LNDCP07IRSOE,2022,0.0551
REGION1,LNDCP07IRSOE,2023,0.049
REGION1,LNDCP07IRSOE,2024,0.0429
REGION1,LNDCP07IRSOE,2025,0.0367
REGION1,LNDCP07IRSOE,2026,0.0312
REGION1,LNDCP07IRSOE,2027,0.0265
REGION1,LNDCP07IRSOE,2028,0.0226
REGION1,LNDCP07IRSOE,2029,0.0192
REGION1,LNDCP07IRSOE,2030,0.0163
REGION1,LNDCP07LRMRD,2016,0.0858
REGION1,LNDCP07LRMRD,2017,0.0801
REGION1,LNDCP07LRMRD,2018,0.0743
REGION1,LNDCP07LRMRD,2019,0.0686
REGION1,LNDCP07LRMRD,2020,0.0583
REGION1,LNDCP07LRMRD,2021,0.0496
REGION1,LNDCP07LRMRD,2022,0.0421
REGION1,LNDCP07LRMRD,2023,0.0358
REGION1,LNDCP07LRMRD,2024,0.0304
REGION1,LNDCP07LRMRD,2025,0.0259
REGION1,LNDCP07LRMRD,2026,0.022
REGION1,LNDCP07LRMRD,2027,0.0187
REGION1,LNDCP07LRMRD,2028,0.0159
REGION1,LNDCP07LRMRD,2029,0.0135
REGION1,LNDCP07LRMRD,2030,0.0115
REGION1,LNDCP07LRNOC,2016,0.0931
REGION1,LNDCP07LRNOC,2017,0.0869
REGION1,LNDCP07LRNOC,2018,0.1068
REGION1,LNDCP07LRNOC,2019,0.1006
REGION1,LNDCP07LRNOC,2020,0.0944
REGION1,LNDCP07LRNOC,2021,0.0882
REGION1,LNDCP07LRNOC,2022,0.075
REGION1,LNDCP07LRNOC,2023,0.0758
REGION1,LNDCP07LRNOC,2024,0.0696
REGION1,LNDCP07LRNOC,2025,0.0634
REGION1,LNDCP07LRNOC,2026,0.0572
REGION1,LNDCP07LRNOC,2027,0.0509
REGION1,LNDCP07LRNOC,2028,0.0447
REGION1,LNDCP07LRNOC,2029,0.038
REGION1,LNDCP07LRNOC,2030,0.0323
REGION1,LNDCP07LRNOE,2018,0.0728
REGION1,LNDCP07LRNOE,2019,0.0672
REGION1,LNDCP07LRNOE,2020,0.0616
REGION1,LNDCP07LRNOE,2021,0.0524
REGION1,LNDCP07LRNOE,2022,0.0445
REGION1,LNDCP07LRNOE,2023,0.0378
REGION1,LNDCP07LRNOE,2024,0.0322
REGION1,LNDCP07LRNOE,2025,0.0274
REGION1,LNDCP07LRNOE,2026,0.0233
REGION1,LNDCP07LRNOE,2027,0.0198
REGION1,LNDCP07LRNOE,2028,0.0168
REGION1,LNDCP07LRNOE,2029,0.0143
REGION1,LNDCP07LRNOE,2030,0.0121
REGION1,LNDCP07LRNOW,2024,0.0195
REGION1,LNDCP07LRNOW,2025,0.0166
REGION1,LNDCP07LRNOW,2026,0.0141
REGION1,LNDCP07LRNOW,2027,0.012
REGION1,LNDCP07LRNOW,2028,0.0102
REGION1,LNDCP07LRNOW,2029,0.0087
REGION1,LNDCP07LRNOW,2030,0.0074
REGION1,LNDCP07LRRRD,2016,0.0472
REGION1,LNDCP07LRRRD,2017,0.044
REGION1,LNDCP07LRRRD,2018,0.0409
REGION1,LNDCP07LRRRD,2019,0.0378
REGION1,LNDCP07LRRRD,2020,0.0346
REGION1,LNDCP07LRRRD,2021,0.0294
REGION1,LNDCP07LRRRD,2022,0.025
REGION1,LNDCP07LRRRD,2023,0.0213
REGION1,LNDCP07LRRRD,2024,0.0181
REGION1,LNDCP07LRRRD,2025,0.0154
REGION1,LNDCP07LRRRD,2026,0.0131
REGION1,LNDCP07LRRRD,2027,0.0111
REGION1,LNDCP07LRRRD,2028,0.0094
REGION1,LNDCP07LRRRD,2029,0.008
REGION1,LNDCP07LRRRD,2030,0.0068
REGION1,LNDCP07LRSOC,2019,0.1318
REGION1,LNDCP07LRSOC,2020,0.1208
REGION1,LNDCP07LRSOC,2021,0.1098
REGION1,LNDCP07LRSOC,2022,0.0988
REGION1,LNDCP07LRSOC,2023,0.0878
REGION1,LNDCP07LRSOC,2024,0.076
REGION1,LNDCP07LRSOC,2025,0.0646
REGION1,LNDCP07LRSOC,2026,0.0549
REGION1,LNDCP07LRSOC,2027,0.0467
REGION1,LNDCP07LRSOC,2028,0.0397
REGION1,LNDCP07LRSOC,2029,0.0337
REGION1,LNDCP07LRSOC,2030,0.0287
REGION1,LNDCP07LRSOE,2016,0.0699
REGION1,LNDCP07LRSOE,2017,0.0857
REGION1,LNDCP07LRSOE,2018,0.0796
REGION1,LNDCP07LRSOE,2019,0.0735
REGION1,LNDCP07LRSOE,2020,0.0673
REGION1,LNDCP07LRSOE,2021,0.0612
REGION1,LNDCP07LRSOE,2022,0.052
REGION1,LNDCP07LRSOE,2023,0.0442
REGION1,LNDCP07LRSOE,2024,0.0376
REGION1,LNDCP07LRSOE,2025,0.0339
REGION1,LNDCP07LRSOE,2026,0.0288
REGION1,LNDCP07LRSOE,2027,0.0245
REGION1,LNDCP07LRSOE,2028,0.0208
REGION1,LNDCP07LRSOE,2029,0.0177
REGION1,LNDCP07LRSOE,2030,0.015
REGION1,LNDFORMRD,2016,1.7461
REGION1,LNDFORMRD,2017,1.6588
REGION1,LNDFORMRD,2018,1.5758
REGION1,LNDFORMRD,2019,1.497
REGION1,LNDFORMRD,2020,1.4222
REGION1,LNDFORMRD,2021,1.3511
REGION1,LNDFORMRD,2022,1.2835
REGION1,LNDFORMRD,2023,1.2193
REGION1,LNDFORMRD,2024,1.1584
REGION1,LNDFORMRD,2025,1.1005
REGION1,LNDFORMRD,2026,1.0454
REGION1,LNDFORMRD,2027,0.9932
REGION1,LNDFORMRD,2028,0.9435
REGION1,LNDFORMRD,2029,0.8963
REGION1,LNDFORMRD,2030,0.8515
REGION1,LNDFORNOC,2016,13.6616
REGION1,LNDFORNOC,2017,12.9785
REGION1,LNDFORNOC,2018,12.3296
REGION1,LNDFORNOC,2019,11.7131
REGION1,LNDFORNOC,2020,11.1275
REGION1,LNDFORNOC,2021,10.5711
REGION1,LNDFORNOC,2022,10.0426
REGION1,LNDFORNOC,2023,9.5404
REGION1,LNDFORNOC,2024,9.0634
REGION1,LNDFORNOC,2025,8.6102
REGION1,LNDFORNOC,2026,8.1797
REGION1,LNDFORNOC,2027,7.7707
REGION1,LNDFORNOC,2028,7.3822
REGION1,LNDFORNOC,2029,7.0131
REGION1,LNDFORNOC,2030,6.6624
REGION1,LNDFORNOE,2016,10.228
REGION1,LNDFORNOE,2017,9.7166
REGION1,LNDFORNOE,2018,9.2308
REGION1,LNDFORNOE,2019,8.7692
REGION1,LNDFORNOE,2020,8.3308
REGION1,LNDFORNOE,2021,7.9142
REGION1,LNDFORNOE,2022,7.6102
REGION1,LNDFORNOE,2023,7.2297
REGION1,LNDFORNOE,2024,7.0234
REGION1,LNDFORNOE,2025,6.8816
REGION1,LNDFORNOE,2026,6.5375
REGION1,LNDFORNOE,2027,6.2106
REGION1,LNDFORNOE,2028,5.9001
REGION1,LNDFORNOE,2029,5.6051
REGION1,LNDFORNOE,2030,5.3249
REGION1,LNDFORNOW,2016,17.5742
REGION1,LNDFORNOW,2017,16.6955
REGION1,LNDFORNOW,2018,15.8607
REGION1,LNDFORNOW,2019,15.0677
REGION1,LNDFORNOW,2020,14.3143
REGION1,LNDFORNOW,2021,13.5986
REGION1,LNDFORNOW,2022,12.9187
REGION1,LNDFORNOW,2023,12.2727
REGION1,LNDFORNOW,2024,11.6591
REGION1,LNDFORNOW,2025,11.0762
REGION1,LNDFORNOW,2026,10.5223
REGION1,LNDFORNOW,2027,9.9962
REGION1,LNDFORNOW,2028,9.4964
REGION1,LNDFORNOW,2029,9.0216
REGION1,LNDFORNOW,2030,8.7619
REGION1,LNDFORRRD,2016,1.2627
REGION1,LNDFORRRD,2017,1.1996
REGION1,LNDFORRRD,2018,1.1396
REGION1,LNDFORRRD,2019,1.0826
REGION1,LNDFORRRD,2020,1.0285
REGION1,LNDFORRRD,2021,0.9771
REGION1,LNDFORRRD,2022,0.9282
REGION1,LNDFORRRD,2023,0.8818
REGION1,LNDFORRRD,2024,0.8377
REGION1,LNDFORRRD,2025,0.7958
REGION1,LNDFORRRD,2026,0.756
REGION1,LNDFORRRD,2027,0.7182
REGION1,LNDFORRRD,2028,0.6823
REGION1,LNDFORRRD,2029,0.6482
REGION1,LNDFORRRD,2030,0.6158
REGION1,LNDFORSOC,2016,31.7425
REGION1,LNDFORSOC,2017,30.1554
REGION1,LNDFORSOC,2018,28.6476
REGION1,LNDFORSOC,2019,27.2152
REGION1,LNDFORSOC,2020,25.8545
REGION1,LNDFORSOC,2021,24.5617
REGION1,LNDFORSOC,2022,23.3337
REGION1,LNDFORSOC,2023,22.167
REGION1,LNDFORSOC,2024,21.0586
REGION1,LNDFORSOC,2025,20.0057
REGION1,LNDFORSOC,2026,19.0054
REGION1,LNDFORSOC,2027,18.0551
REGION1,LNDFORSOC,2028,17.1524
REGION1,LNDFORSOC,2029,16.2948
REGION1,LNDFORSOC,2030,15.48
REGION1,LNDFORSOE,2016,13.0172
REGION1,LNDFORSOE,2017,12.3664
REGION1,LNDFORSOE,2018,11.7903
REGION1,LNDFORSOE,2019,11.2008
REGION1,LNDFORSOE,2020,10.6407
REGION1,LNDFORSOE,2021,10.1087
REGION1,LNDFORSOE,2022,9.6033
REGION1,LNDFORSOE,2023,9.1231
REGION1,LNDFORSOE,2024,8.6669
REGION1,LNDFORSOE,2025,8.2336
REGION1,LNDFORSOE,2026,7.8219
REGION1,LNDFORSOE,2027,7.4308
REGION1,LNDFORSOE,2028,7.0593
REGION1,LNDFORSOE,2029,6.7063
REGION1,LNDFORSOE,2030,6.371
REGION1,LNDGRSMRD,2016,3.9184
REGION1,LNDGRSMRD,2017,3.7225
REGION1,LNDGRSMRD,2018,3.5364
REGION1,LNDGRSMRD,2019,3.3596
REGION1,LNDGRSMRD,2020,3.1916
REGION1,LNDGRSMRD,2021,3.032
REGION1,LNDGRSMRD,2022,2.8804
REGION1,LNDGRSMRD,2023,2.7364
REGION1,LNDGRSMRD,2024,2.5996
REGION1,LNDGRSMRD,2025,2.4696
REGION1,LNDGRSMRD,2026,2.3461
REGION1,LNDGRSMRD,2027,2.2288
REGION1,LNDGRSMRD,2028,2.1174
REGION1,LNDGRSMRD,2029,2.0115
REGION1,LNDGRSMRD,2030,1.9109
REGION1,LNDGRSNOC,2016,11.4107
REGION1,LNDGRSNOC,2017,10.8402
REGION1,LNDGRSNOC,2018,10.2982
REGION1,LNDGRSNOC,2019,9.7833
REGION1,LNDGRSNOC,2020,9.2941
REGION1,LNDGRSNOC,2021,8.8294
REGION1,LNDGRSNOC,2022,8.3879
REGION1,LNDGRSNOC,2023,7.9685
REGION1,LNDGRSNOC,2024,7.5701
REGION1,LNDGRSNOC,2025,7.1916
REGION1,LNDGRSNOC,2026,6.832
REGION1,LNDGRSNOC,2027,6.4904
REGION1,LNDGRSNOC,2028,6.1659
REGION1,LNDGRSNOC,2029,5.8576
REGION1,LNDGRSNOC,2030,5.5647
REGION1,LNDGRSNOE,2016,12.9862
REGION1,LNDGRSNOE,2017,12.3369
REGION1,LNDGRSNOE,2018,12.7344
REGION1,LNDGRSNOE,2019,12.9809
REGION1,LNDGRSNOE,2020,12.3318
REGION1,LNDGRSNOE,2021,11.7152
REGION1,LNDGRSNOE,2022,11.1295
REGION1,LNDGRSNOE,2023,10.6551
REGION1,LNDGRSNOE,2024,10.1224
REGION1,LNDGRSNOE,2025,9.6163
REGION1,LNDGRSNOE,2026,9.1458
REGION1,LNDGRSNOE,2027,8.6885
REGION1,LNDGRSNOE,2028,8.2541
REGION1,LNDGRSNOE,2029,7.8414
REGION1,LNDGRSNOE,2030,7.4493
REGION1,LNDGRSNOW,2016,17.7938
REGION1,LNDGRSNOW,2017,16.9041
REGION1,LNDGRSNOW,2018,16.0589
REGION1,LNDGRSNOW,2019,16.3786
REGION1,LNDGRSNOW,2020,16.0415
REGION1,LNDGRSNOW,2021,16.3038
REGION1,LNDGRSNOW,2022,16.5613
REGION1,LNDGRSNOW,2023,16.8197
REGION1,LNDGRSNOW,2024,16.7997
REGION1,LNDGRSNOW,2025,16.5334
REGION1,LNDGRSNOW,2026,16.175
REGION1,LNDGRSNOW,2027,15.7101
REGION1,LNDGRSNOW,2028,14.9246
REGION1,LNDGRSNOW,2029,14.1783
REGION1,LNDGRSNOW,2030,13.4694
REGION1,LNDGRSRRD,2016,2.2394
REGION1,LNDGRSRRD,2017,2.1274
REGION1,LNDGRSRRD,2018,2.021
REGION1,LNDGRSRRD,2019,1.92
REGION1,LNDGRSRRD,2020,1.824
REGION1,LNDGRSRRD,2021,1.7328
REGION1,LNDGRSRRD,2022,1.6461
REGION1,LNDGRSRRD,2023,1.5638
REGION1,LNDGRSRRD,2024,1.4856
REGION1,LNDGRSRRD,2025,1.4114
REGION1,LNDGRSRRD,2026,1.3408
REGION1,LNDGRSRRD,2027,1.2738
REGION1,LNDGRSRRD,2028,1.2101
REGION1,LNDGRSRRD,2029,1.1496
REGION1,LNDGRSRRD,2030,1.0921
REGION1,LNDGRSSOC,2016,18.7749
REGION1,LNDGRSSOC,2017,17.8362
REGION1,LNDGRSSOC,2018,16.9444
REGION1,LNDGRSSOC,2019,16.0971
REGION1,LNDGRSSOC,2020,15.2923
REGION1,LNDGRSSOC,2021,14.5277
REGION1,LNDGRSSOC,2022,13.8013
REGION1,LNDGRSSOC,2023,13.1112
REGION1,LNDGRSSOC,2024,12.4557
REGION1,LNDGRSSOC,2025,11.8329
REGION1,LNDGRSSOC,2026,11.2412
REGION1,LNDGRSSOC,2027,10.6792
REGION1,LNDGRSSOC,2028,10.1452
REGION1,LNDGRSSOC,2029,9.638
REGION1,LNDGRSSOC,2030,9.1561
REGION1,LNDGRSSOE,2016,10.5048
REGION1,LNDGRSSOE,2017,9.9795
REGION1,LNDGRSSOE,2018,9.4805
REGION1,LNDGRSSOE,2019,9.0065
REGION1,LNDGRSSOE,2020,8.5562
REGION1,LNDGRSSOE,2021,8.1284
REGION1,LNDGRSSOE,2022,7.722
REGION1,LNDGRSSOE,2023,7.3359
REGION1,LNDGRSSOE,2024,6.9691
REGION1,LNDGRSSOE,2025,6.6206
REGION1,LNDGRSSOE,2026,6.2896
REGION1,LNDGRSSOE,2027,5.9751
REGION1,LNDGRSSOE,2028,5.6764
REGION1,LNDGRSSOE,2029,5.3925
REGION1,LNDGRSSOE,2030,5.1229
REGION1,LNDWATMRD,2016,1.3712
REGION1,LNDWATMRD,2017,1.3712
REGION1,LNDWATMRD,2018,1.3712
REGION1,LNDWATMRD,2019,1.3712
REGION1,LNDWATMRD,2020,1.3712
REGION1,LNDWATMRD,2021,1.3712
REGION1,LNDWATMRD,2022,1.3712
REGION1,LNDWATMRD,2023,1.3712
REGION1,LNDWATMRD,2024,1.3712
REGION1,LNDWATMRD,2025,1.3712
REGION1,LNDWATMRD,2026,1.3712
REGION1,LNDWATMRD,2027,1.3712
REGION1,LNDWATMRD,2028,1.3712
REGION1,LNDWATMRD,2029,1.3712
REGION1,LNDWATMRD,2030,1.3712
REGION1,LNDWATNOC,2016,0.7331
REGION1,LNDWATNOC,2017,0.7331
REGION1,LNDWATNOC,2018,0.7331
REGION1,LNDWATNOC,2019,0.7331
REGION1,LNDWATNOC,2020,0.7331
REGION1,LNDWATNOC,2021,0.7331
REGION1,LNDWATNOC,2022,0.7331
REGION1,LNDWATNOC,2023,0.7331
REGION1,LNDWATNOC,2024,0.7331
REGION1,LNDWATNOC,2025,0.7331
REGION1,LNDWATNOC,2026,0.7331
REGION1,LNDWATNOC,2027,0.7331
REGION1,LNDWATNOC,2028,0.7331
REGION1,LNDWATNOC,2029,0.7331
REGION1,LNDWATNOC,2030,0.7331
REGION1,LNDWATNOW,2016,0.1418
REGION1,LNDWATNOW,2017,0.1418
REGION1,LNDWATNOW,2018,0.1418
REGION1,LNDWATNOW,2019,0.1418
REGION1,LNDWATNOW,2020,0.1418
REGION1,LNDWATNOW,2021,0.1418
REGION1,LNDWATNOW,2022,0.1418
REGION1,LNDWATNOW,2023,0.1418
REGION1,LNDWATNOW,2024,0.1418
REGION1,LNDWATNOW,2025,0.1418
REGION1,LNDWATNOW,2026,0.1418
REGION1,LNDWATNOW,2027,0.1418
REGION1,LNDWATNOW,2028,0.1418
REGION1,LNDWATNOW,2029,0.1418
REGION1,LNDWATNOW,2030,0.1418
REGION1,LNDWATRRD,2016,0.4472
REGION1,LNDWATRRD,2017,0.4472
REGION1,LNDWATRRD,2018,0.4472
REGION1,LNDWATRRD,2019,0.4472
REGION1,LNDWATRRD,2020,0.4472
REGION1,LNDWATRRD,2021,0.4472
REGION1,LNDWATRRD,2022,0.4472
REGION1,LNDWATRRD,2023,0.4472
REGION1,LNDWATRRD,2024,0.4472
REGION1,LNDWATRRD,2025,0.4472
REGION1,LNDWATRRD,2026,0.4472
REGION1,LNDWATRRD,2027,0.4472
REGION1,LNDWATRRD,2028,0.4472
REGION1,LNDWATRRD,2029,0.4472
REGION1,LNDWATRRD,2030,0.4472
REGION1,LNDWATSOC,2016,2.1021
REGION1,LNDWATSOC,2017,2.1021
REGION1,LNDWATSOC,2018,2.1021
REGION1,LNDWATSOC,2019,2.1021
REGION1,LNDWATSOC,2020,2.1021
REGION1,LNDWATSOC,2021,2.1021
REGION1,LNDWATSOC,2022,2.1021
REGION1,LNDWATSOC,2023,2.1021
REGION1,LNDWATSOC,2024,2.1021
REGION1,LNDWATSOC,2025,2.1021
REGION1,LNDWATSOC,2026,2.1021
REGION1,LNDWATSOC,2027,2.1021
REGION1,LNDWATSOC,2028,2.1021
REGION1,LNDWATSOC,2029,2.1021
REGION1,LNDWATSOC,2030,2.1021
REGION1,LNDWATSOE,2016,1.2237
REGION1,LNDWATSOE,2017,1.2237
REGION1,LNDWATSOE,2018,1.2237
REGION1,LNDWATSOE,2019,1.2237
REGION1,LNDWATSOE,2020,1.2237
REGION1,LNDWATSOE,2021,1.2237
REGION1,LNDWATSOE,2022,1.2237
REGION1,LNDWATSOE,2023,1.2237
REGION1,LNDWATSOE,2024,1.2237
REGION1,LNDWATSOE,2025,1.2237
REGION1,LNDWATSOE,2026,1.2237
REGION1,LNDWATSOE,2027,1.2237
REGION1,LNDWATSOE,2028,1.2237
REGION1,LNDWATSOE,2029,1.2237
REGION1,LNDWATSOE,2030,1.2237
REGION1,MINCOA,2016,1155.81
REGION1,MINCOA,2017,1171.5499
REGION1,MINCOA,2018,1148.9796
REGION1,MINCOA,2019,1106.6634
REGION1,MINCOA,2020,1140.0513
REGION1,MINCOA,2021,1307.3572
REGION1,MINCOA,2022,1482.9998
REGION1,MINCOA,2023,1653.9089
REGION1,MINCOA,2024,1614.2097
REGION1,MINCOA,2025,1578.9874
REGION1,MINCOA,2026,1547.3441
REGION1,MINCOA,2027,1518.5563
REGION1,MINCOA,2028,1492.0512
REGION1,MINCOA,2029,1478.9526
REGION1,MINCOA,2030,1493.5469
REGION1,MINCRU,2016,703.76
REGION1,MINCRU,2017,753.69
REGION1,MINCRU,2018,865.059
REGION1,MINCRU,2019,994.7649
REGION1,MINCRU,2020,1146.0814
REGION1,MINCRU,2021,1322.8975
REGION1,MINCRU,2022,1389.0
REGION1,MINCRU,2023,1389.0
REGION1,MINCRU,2024,1389.0
REGION1,MINCRU,2025,1389.0
REGION1,MINCRU,2026,1389.0
REGION1,MINCRU,2027,1389.0
REGION1,MINCRU,2028,1389.0
REGION1,MINCRU,2029,1389.0
REGION1,MINCRU,2030,1389.0
REGION1,MINLNDMRD,2016,41.9717
REGION1,MINLNDMRD,2017,41.9739
REGION1,MINLNDMRD,2018,41.9335
REGION1,MINLNDMRD,2019,41.8993
REGION1,MINLNDMRD,2020,42.0611
REGION1,MINLNDMRD,2021,42.3705
REGION1,MINLNDMRD,2022,42.3235
REGION1,MINLNDMRD,2023,42.1208
REGION1,MINLNDMRD,2024,42.0962
REGION1,MINLNDMRD,2025,42.0028
REGION1,MINLNDMRD,2026,41.9959
REGION1,MINLNDMRD,2027,42.0149
REGION1,MINLNDMRD,2028,42.0062
REGION1,MINLNDMRD,2029,42.1367
REGION1,MINLNDMRD,2030,42.1098
REGION1,MINLNDNOC,2016,47.3348
REGION1,MINLNDNOC,2017,46.0734
REGION1,MINLNDNOC,2018,45.5443
REGION1,MINLNDNOC,2019,45.5443
REGION1,MINLNDNOC,2020,45.6223
REGION1,MINLNDNOC,2021,45.5443
REGION1,MINLNDNOC,2022,45.6008
REGION1,MINLNDNOC,2023,45.6435
REGION1,MINLNDNOC,2024,45.6213
REGION1,MINLNDNOC,2025,45.5598
REGION1,MINLNDNOC,2026,45.5574
REGION1,MINLNDNOC,2027,45.5726
REGION1,MINLNDNOC,2028,45.5853
REGION1,MINLNDNOC,2029,45.6053
REGION1,MINLNDNOC,2030,45.5961
REGION1,MINLNDNOE,2016,42.7005
REGION1,MINLNDNOE,2017,41.8913
REGION1,MINLNDNOE,2018,41.4104
REGION1,MINLNDNOE,2019,41.2495
REGION1,MINLNDNOE,2020,41.1442
REGION1,MINLNDNOE,2021,41.1643
REGION1,MINLNDNOE,2022,41.1436
REGION1,MINLNDNOE,2023,41.1369
REGION1,MINLNDNOE,2024,41.1312
REGION1,MINLNDNOE,2025,41.1138
REGION1,MINLNDNOE,2026,41.1116
REGION1,MINLNDNOE,2027,41.099
REGION1,MINLNDNOE,2028,41.099
REGION1,MINLNDNOE,2029,41.1378
REGION1,MINLNDNOE,2030,41.1177
REGION1,MINLNDNOW,2016,58.2489
REGION1,MINLNDNOW,2017,56.3966
REGION1,MINLNDNOW,2018,54.9746
REGION1,MINLNDNOW,2019,54.8107
REGION1,MINLNDNOW,2020,54.149
REGION1,MINLNDNOW,2021,54.0449
REGION1,MINLNDNOW,2022,54.0449
REGION1,MINLNDNOW,2023,54.0449
REGION1,MINLNDNOW,2024,54.0449
REGION1,MINLNDNOW,2025,54.0766
REGION1,MINLNDNOW,2026,54.0578
REGION1,MINLNDNOW,2027,54.0558
REGION1,MINLNDNOW,2028,54.0449
REGION1,MINLNDNOW,2029,54.0877
REGION1,MINLNDNOW,2030,54.059
REGION1,MINLNDRRD,2016,23.0841
REGION1,MINLNDRRD,2017,23.0841
REGION1,MINLNDRRD,2018,23.0841
REGION1,MINLNDRRD,2019,23.0841
REGION1,MINLNDRRD,2020,23.0841
REGION1,MINLNDRRD,2021,23.1079
REGION1,MINLNDRRD,2022,23.2383
REGION1,MINLNDRRD,2023,23.2628
REGION1,MINLNDRRD,2024,23.236
REGION1,MINLNDRRD,2025,23.2132
REGION1,MINLNDRRD,2026,23.1766
REGION1,MINLNDRRD,2027,23.1628
REGION1,MINLNDRRD,2028,23.1262
REGION1,MINLNDRRD,2029,23.1437
REGION1,MINLNDRRD,2030,23.1414
REGION1,MINLNDSOC,2016,85.2793
REGION1,MINLNDSOC,2017,83.2965
REGION1,MINLNDSOC,2018,81.6754
REGION1,MINLNDSOC,2019,80.6503
REGION1,MINLNDSOC,2020,80.721
REGION1,MINLNDSOC,2021,80.6241
REGION1,MINLNDSOC,2022,80.5604
REGION1,MINLNDSOC,2023,80.633
REGION1,MINLNDSOC,2024,80.5968
REGION1,MINLNDSOC,2025,80.6798
REGION1,MINLNDSOC,2026,80.6003
REGION1,MINLNDSOC,2027,80.737
REGION1,MINLNDSOC,2028,80.8481
REGION1,MINLNDSOC,2029,80.8593
REGION1,MINLNDSOC,2030,80.8144
REGION1,MINLNDSOE,2016,45.6389
REGION1,MINLNDSOE,2017,45.234
REGION1,MINLNDSOE,2018,45.0899
REGION1,MINLNDSOE,2019,44.9204
REGION1,MINLNDSOE,2020,44.9934
REGION1,MINLNDSOE,2021,44.9204
REGION1,MINLNDSOE,2022,44.9572
REGION1,MINLNDSOE,2023,44.9943
REGION1,MINLNDSOE,2024,44.9503
REGION1,MINLNDSOE,2025,44.9418
REGION1,MINLNDSOE,2026,44.9386
REGION1,MINLNDSOE,2027,44.9359
REGION1,MINLNDSOE,2028,44.9336
REGION1,MINLNDSOE,2029,44.9724
REGION1,MINLNDSOE,2030,44.9646
REGION1,MINNGS,2016,441.289
REGION1,MINNGS,2017,466.8233
REGION1,MINNGS,2018,472.2593
REGION1,MINNGS,2019,477.6943
REGION1,MINNGS,2020,533.9153
REGION1,MINNGS,2021,542.8293
REGION1,MINNGS,2022,551.7413
REGION1,MINNGS,2023,563.0727
REGION1,MINNGS,2024,692.1187
REGION1,MINNGS,2025,820.9968
REGION1,MINNGS,2026,951.9154
REGION1,MINNGS,2027,1080.5067
REGION1,MINNGS,2028,1200.6925
REGION1,MINNGS,2029,1319.0256
REGION1,MINNGS,2030,1414.3681
REGION1,MINPRCMRD,2016,92.8043
REGION1,MINPRCMRD,2017,92.8043
REGION1,MINPRCMRD,2018,92.7576
REGION1,MINPRCMRD,2019,92.6891
REGION1,MINPRCMRD,2020,92.8043
REGION1,MINPRCMRD,2021,92.8043
REGION1,MINPRCMRD,2022,92.8043
REGION1,MINPRCMRD,2023,92.8043
REGION1,MINPRCMRD,2024,92.8043
REGION1,MINPRCMRD,2025,92.8043
REGION1,MINPRCMRD,2026,92.8043
REGION1,MINPRCMRD,2027,92.8043
REGION1,MINPRCMRD,2028,92.8043
REGION1,MINPRCMRD,2029,92.8043
REGION1,MINPRCMRD,2030,92.8043
REGION1,MINPRCNOC,2016,90.067
REGION1,MINPRCNOC,2017,90.067
REGION1,MINPRCNOC,2018,90.067
REGION1,MINPRCNOC,2019,90.067
REGION1,MINPRCNOC,2020,90.067
REGION1,MINPRCNOC,2021,90.067
REGION1,MINPRCNOC,2022,90.067
REGION1,MINPRCNOC,2023,90.067
REGION1,MINPRCNOC,2024,90.067
REGION1,MINPRCNOC,2025,90.067
REGION1,MINPRCNOC,2026,90.067
REGION1,MINPRCNOC,2027,90.067
REGION1,MINPRCNOC,2028,90.067
REGION1,MINPRCNOC,2029,90.067
REGION1,MINPRCNOC,2030,90.067
REGION1,MINPRCNOE,2016,77.1601
REGION1,MINPRCNOE,2017,77.1601
REGION1,MINPRCNOE,2018,77.1601
REGION1,MINPRCNOE,2019,77.1601
REGION1,MINPRCNOE,2020,77.1601
REGION1,MINPRCNOE,2021,77.1601
REGION1,MINPRCNOE,2022,77.1601
REGION1,MINPRCNOE,2023,77.1601
REGION1,MINPRCNOE,2024,77.1601
REGION1,MINPRCNOE,2025,77.1601
REGION1,MINPRCNOE,2026,77.1601
REGION1,MINPRCNOE,2027,77.1601
REGION1,MINPRCNOE,2028,77.1601
REGION1,MINPRCNOE,2029,77.1601
REGION1,MINPRCNOE,2030,77.1601
REGION1,MINPRCNOW,2016,110.3201
REGION1,MINPRCNOW,2017,110.3201
REGION1,MINPRCNOW,2018,110.3201
REGION1,MINPRCNOW,2019,110.3201
REGION1,MINPRCNOW,2020,110.3201
REGION1,MINPRCNOW,2021,110.3201
REGION1,MINPRCNOW,2022,110.3201
REGION1,MINPRCNOW,2023,110.3201
REGION1,MINPRCNOW,2024,110.3201
REGION1,MINPRCNOW,2025,110.3201
REGION1,MINPRCNOW,2026,110.3201
REGION1,MINPRCNOW,2027,110.3201
REGION1,MINPRCNOW,2028,110.3201
REGION1,MINPRCNOW,2029,110.3201
REGION1,MINPRCNOW,2030,110.3201
REGION1,MINPRCRRD,2016,43.6648
REGION1,MINPRCRRD,2017,43.6648
REGION1,MINPRCRRD,2018,43.6648
REGION1,MINPRCRRD,2019,43.6648
REGION1,MINPRCRRD,2020,43.6648
REGION1,MINPRCRRD,2021,43.6648
REGION1,MINPRCRRD,2022,43.6648
REGION1,MINPRCRRD,2023,43.6648
REGION1,MINPRCRRD,2024,43.6648
REGION1,MINPRCRRD,2025,43.6648
REGION1,MINPRCRRD,2026,43.6648
REGION1,MINPRCRRD,2027,43.6648
REGION1,MINPRCRRD,2028,43.6648
REGION1,MINPRCRRD,2029,43.6648
REGION1,MINPRCRRD,2030,43.6648
REGION1,MINPRCSOC,2016,159.5922
REGION1,MINPRCSOC,2017,159.5922
REGION1,MINPRCSOC,2018,159.5922
REGION1,MINPRCSOC,2019,159.5922
REGION1,MINPRCSOC,2020,159.5922
REGION1,MINPRCSOC,2021,159.5922
REGION1,MINPRCSOC,2022,159.5922
REGION1,MINPRCSOC,2023,159.5922
REGION1,MINPRCSOC,2024,159.5922
REGION1,MINPRCSOC,2025,159.5922
REGION1,MINPRCSOC,2026,159.5922
REGION1,MINPRCSOC,2027,159.5922
REGION1,MINPRCSOC,2028,159.5922
REGION1,MINPRCSOC,2029,159.5922
REGION1,MINPRCSOC,2030,159.5922
REGION1,MINPRCSOE,2016,70.1101
REGION1,MINPRCSOE,2017,70.1101
REGION1,MINPRCSOE,2018,70.1101
REGION1,MINPRCSOE,2019,70.1101
REGION1,MINPRCSOE,2020,70.1101
REGION1,MINPRCSOE,2021,70.1101
REGION1,MINPRCSOE,2022,70.1101
REGION1,MINPRCSOE,2023,70.1101
REGION1,MINPRCSOE,2024,70.1101
REGION1,MINPRCSOE,2025,70.1101
REGION1,MINPRCSOE,2026,70.1101
REGION1,MINPRCSOE,2027,70.1101
REGION1,MINPRCSOE,2028,70.1101
REGION1,MINPRCSOE,2029,70.1101
REGION1,MINPRCSOE,2030,70.1101
REGION1,PWRBIOC01,2016,0.4257
REGION1,PWRBIOC01,2017,1.2063
REGION1,PWRBIOC01,2018,2.4125
REGION1,PWRBIOC01,2019,2.4125
REGION1,PWRBIOC01,2020,2.4125
REGION1,PWRBIOC01,2021,2.4125
REGION1,PWRBIOC01,2022,2.4125
REGION1,PWRBIOC01,2023,2.4125
REGION1,PWRBIOC01,2024,2.4125
REGION1,PWRBIOC01,2025,2.4125
REGION1,PWRBIOC01,2026,2.4125
REGION1,PWRBIOC01,2027,2.4125
REGION1,PWRBIOC01,2028,2.4125
REGION1,PWRBIOC01,2029,2.4125
REGION1,PWRBIOC01,2030,2.4125
REGION1,PWRBION01,2016,0.3406
REGION1,PWRBION01,2017,0.3406
REGION1,PWRBION01,2018,0.3406
REGION1,PWRBION01,2019,0.3406
REGION1,PWRBION01,2020,0.3406
REGION1,PWRBION01,2021,0.3406
REGION1,PWRBION01,2022,0.3406
REGION1,PWRBION01,2023,0.3406
REGION1,PWRBION01,2024,0.3406
REGION1,PWRBION01,2025,0.3406
REGION1,PWRBION01,2026,0.3406
REGION1,PWRBION01,2027,0.3406
REGION1,PWRCOAC01,2016,8.5147
REGION1,PWRCOAC01,2017,8.5147
REGION1,PWRCOAC01,2018,8.5147
REGION1,PWRCOAC01,2019,8.5147
REGION1,PWRCOAC01,2020,21.2868
REGION1,PWRCOAC01,2021,21.2868
REGION1,PWRCOAC01,2022,21.2868
REGION1,PWRCOAC01,2023,21.2868
REGION1,PWRCOAC01,2024,21.2868
REGION1,PWRCOAC01,2025,21.2868
REGION1,PWRCOAC01,2026,21.2868
REGION1,PWRCOAC01,2027,21.2868
REGION1,PWRCOAC01,2028,21.2868
REGION1,PWRCOAC01,2029,21.2868
REGION1,PWRCOAC01,2030,21.2868
REGION1,PWRCOAN01,2016,43.8508
REGION1,PWRCOAN01,2017,43.8508
REGION1,PWRCOAN01,2018,43.8508
REGION1,PWRCOAN01,2019,43.8508
REGION1,PWRCOAN01,2020,43.8508
REGION1,PWRCOAN01,2021,43.8508
REGION1,PWRCOAN01,2022,43.8508
REGION1,PWRCOAN01,2023,43.8508
REGION1,PWRCOAN01,2024,43.8508
REGION1,PWRCOAN01,2025,43.8508
REGION1,PWRCOAN01,2026,43.8508
REGION1,PWRCOAN01,2027,43.8508
REGION1,PWRCOAN01,2028,43.8508
REGION1,PWRCOAN01,2029,43.8508
REGION1,PWRCOAN01,2030,43.8508
REGION1,PWRCOAN02,2016,118.1352
REGION1,PWRCOAN02,2017,109.0781
REGION1,PWRCOAN02,2018,91.3681
REGION1,PWRCOAN02,2019,13.5371
REGION1,PWRCOAN02,2020,27.8326
REGION1,PWRCOAN02,2021,71.6425
REGION1,PWRCOAN02,2022,146.1834
REGION1,PWRCOAN02,2023,217.2181
REGION1,PWRCOAN02,2024,201.6594
REGION1,PWRCOAN02,2025,227.5289
REGION1,PWRCOAN02,2026,203.7233
REGION1,PWRCOAN02,2027,159.3425
REGION1,PWRCOAN02,2028,147.1761
REGION1,PWRCOAN02,2029,173.9195
REGION1,PWRCOAN02,2030,189.9058
REGION1,PWRCOAN03,2016,14.5695
REGION1,PWRCOAN03,2017,49.2097
REGION1,PWRCOAN03,2018,34.167
REGION1,PWRCOAN03,2020,4.223
REGION1,PWRCOAN03,2021,37.2098
REGION1,PWRCOAN03,2022,39.318
REGION1,PWRCOAN03,2023,40.5995
REGION1,PWRCOAN03,2024,48.4867
REGION1,PWRCOAN03,2025,14.9562
REGION1,PWRCOAN03,2026,31.1104
REGION1,PWRCOAN03,2027,67.8484
REGION1,PWRCOAN03,2028,72.38
REGION1,PWRCOAN03,2029,42.2965
REGION1,PWRCOAN03,2030,32.8814
REGION1,PWRCOAS01,2016,22.9897
REGION1,PWRCOAS01,2017,42.1479
REGION1,PWRCOAS01,2018,97.4935
REGION1,PWRCOAS01,2019,218.4026
REGION1,PWRCOAS01,2020,218.4026
REGION1,PWRCOAS01,2021,218.4026
REGION1,PWRCOAS01,2022,218.4026
REGION1,PWRCOAS01,2023,218.4026
REGION1,PWRCOAS01,2024,218.4026
REGION1,PWRCOAS01,2025,218.4026
REGION1,PWRCOAS01,2026,218.4026
REGION1,PWRCOAS01,2027,218.4026
REGION1,PWRCOAS01,2028,218.4026
REGION1,PWRCOAS01,2029,218.4026
REGION1,PWRCOAS01,2030,218.4026
REGION1,PWRDSLN01,2029,0.2984
REGION1,PWRDSLN01,2030,1.2189
REGION1,PWRHYDC01,2016,9.6429
REGION1,PWRHYDC01,2017,13.1297
REGION1,PWRHYDC01,2018,17.1146
REGION1,PWRHYDC01,2019,19.9244
REGION1,PWRHYDC01,2020,24.5224
REGION1,PWRHYDC01,2021,24.5224
REGION1,PWRHYDC01,2022,24.5224
REGION1,PWRHYDC01,2023,24.5224
REGION1,PWRHYDC01,2024,24.5224
REGION1,PWRHYDC01,2025,24.5224
REGION1,PWRHYDC01,2026,24.5224
REGION1,PWRHYDC01,2027,24.5224
REGION1,PWRHYDC01,2028,24.5224
REGION1,PWRHYDC01,2029,24.5224
REGION1,PWRHYDC01,2030,24.5224
REGION1,PWRHYDN01,2016,193.8674
REGION1,PWRHYDN01,2017,195.8215
REGION1,PWRHYDN01,2018,198.1716
REGION1,PWRHYDN01,2019,201.3774
REGION1,PWRHYDN01,2020,203.7274
REGION1,PWRHYDN01,2021,203.7274
REGION1,PWRHYDN01,2022,203.7274
REGION1,PWRHYDN01,2023,203.7274
REGION1,PWRHYDN01,2024,203.7274
REGION1,PWRHYDN01,2025,203.7274
REGION1,PWRHYDN01,2026,202.1948
REGION1,PWRHYDN01,2027,202.1948
REGION1,PWRHYDN01,2028,202.1948
REGION1,PWRHYDN01,2029,202.1948
REGION1,PWRHYDN01,2030,202.1948
REGION1,PWRHYDN02,2016,25.5952
REGION1,PWRHYDN02,2017,25.5952
REGION1,PWRHYDN02,2018,25.5952
REGION1,PWRHYDN02,2019,25.5952
REGION1,PWRHYDN02,2020,25.5952
REGION1,PWRHYDN02,2021,25.5952
REGION1,PWRHYDN02,2022,25.5952
REGION1,PWRHYDN02,2023,25.5952
REGION1,PWRHYDN02,2024,25.5952
REGION1,PWRHYDN02,2025,25.5952
REGION1,PWRHYDN02,2026,25.5952
REGION1,PWRHYDN02,2027,25.5952
REGION1,PWRHYDN02,2028,25.5952
REGION1,PWRHYDN02,2029,25.5952
REGION1,PWRHYDN02,2030,25.5952
REGION1,PWRNGSC01,2016,5.6765
REGION1,PWRNGSC01,2017,5.6765
REGION1,PWRNGSC01,2018,5.6765
REGION1,PWRNGSC01,2019,5.6765
REGION1,PWRNGSC01,2020,11.353
REGION1,PWRNGSC01,2021,11.353
REGION1,PWRNGSC01,2022,11.353
REGION1,PWRNGSC01,2023,11.353
REGION1,PWRNGSC01,2024,11.353
REGION1,PWRNGSC01,2025,11.353
REGION1,PWRNGSC01,2026,11.353
REGION1,PWRNGSC01,2027,11.353
REGION1,PWRNGSC01,2028,11.353
REGION1,PWRNGSC01,2029,11.353
REGION1,PWRNGSC01,2030,11.353
REGION1,PWRNGSC0X,2030,20.7721
REGION1,PWRNGSN01,2016,170.7201
REGION1,PWRNGSN01,2017,170.7201
REGION1,PWRNGSN01,2018,170.7201
REGION1,PWRNGSN01,2019,170.7201
REGION1,PWRNGSN01,2020,170.7201
REGION1,PWRNGSN01,2021,170.7201
REGION1,PWRNGSN01,2022,170.7201
REGION1,PWRNGSN01,2023,159.7078
REGION1,PWRNGSN01,2024,159.7078
REGION1,PWRNGSN01,2025,159.7078
REGION1,PWRNGSN01,2026,159.7078
REGION1,PWRNGSN01,2027,159.7078
REGION1,PWRNGSN01,2028,132.7729
REGION1,PWRNGSN01,2029,122.1295
REGION1,PWRNGSN01,2030,122.1295
REGION1,PWRNGSN02,2016,43.7657
REGION1,PWRNGSN02,2017,43.7657
REGION1,PWRNGSN02,2018,43.7657
REGION1,PWRNGSN02,2019,43.7657
REGION1,PWRNGSN02,2020,43.7657
REGION1,PWRNGSN02,2021,43.7657
REGION1,PWRNGSN02,2022,43.7657
REGION1,PWRNGSN02,2023,43.7657
REGION1,PWRNGSN02,2024,43.7657
REGION1,PWRNGSN02,2025,43.7657
REGION1,PWRNGSN02,2026,43.7657
REGION1,PWRNGSN02,2027,43.7657
REGION1,PWRNGSN02,2028,43.7657
REGION1,PWRNGSN02,2029,43.7657
REGION1,PWRNGSN02,2030,43.7657
REGION1,PWRNGSN03,2016,0.596
REGION1,PWRNGSN03,2017,0.596
REGION1,PWRNGSN03,2018,0.596
REGION1,PWRNGSN03,2019,0.596
REGION1,PWRNGSN03,2020,0.596
REGION1,PWRNGSN03,2021,0.596
REGION1,PWRNGSN03,2022,0.596
REGION1,PWRNGSN03,2023,0.596
REGION1,PWRNGSN03,2024,0.596
REGION1,PWRNGSN03,2025,0.596
REGION1,PWRNGSN03,2026,0.596
REGION1,PWRNGSN03,2027,0.596
REGION1,PWRNGSN03,2028,0.596
REGION1,PWRNGSN03,2029,0.596
REGION1,PWRNGSN03,2030,0.596
REGION1,PWRNGSS01,2020,21.2868
REGION1,PWRNGSS01,2021,21.2868
REGION1,PWRNGSS01,2022,21.2868
REGION1,PWRNGSS01,2023,21.2868
REGION1,PWRNGSS01,2024,21.2868
REGION1,PWRNGSS01,2025,21.2868
REGION1,PWRNGSS01,2026,21.2868
REGION1,PWRNGSS01,2027,21.2868
REGION1,PWRNGSS01,2028,21.2868
REGION1,PWRNGSS01,2029,21.2868
REGION1,PWRNGSS01,2030,21.2868
REGION1,PWRNGSS0X,2023,12.3926
REGION1,PWRNGSS0X,2024,80.8707
REGION1,PWRNGSS0X,2025,149.2547
REGION1,PWRNGSS0X,2026,218.8025
REGION1,PWRNGSS0X,2027,287.0242
REGION1,PWRNGSS0X,2028,377.3909
REGION1,PWRNGSS0X,2029,450.4106
REGION1,PWRNGSS0X,2030,479.5457
REGION1,PWRSOLC01,2019,2.1464
REGION1,PWRSOLC01,2020,5.0082
REGION1,PWRSOLC01,2021,5.0082
REGION1,PWRSOLC01,2022,5.0082
REGION1,PWRSOLC01,2023,5.0082
REGION1,PWRSOLC01,2024,5.0082
REGION1,PWRSOLC01,2025,5.0082
REGION1,PWRSOLC01,2026,5.0082
REGION1,PWRSOLC01,2027,5.0082
REGION1,PWRSOLC01,2028,5.0082
REGION1,PWRSOLC01,2029,5.0082
REGION1,PWRSOLC01,2030,5.0082
REGION1,PWRTRNC01,2016,358.071
REGION1,PWRTRNC01,2017,368.8989
REGION1,PWRTRNC01,2018,331.1643
REGION1,PWRTRNC01,2019,223.3362
REGION1,PWRTRNC01,2020,242.8433
REGION1,PWRTRNC01,2021,286.9726
REGION1,PWRTRNC01,2022,331.0171
REGION1,PWRTRNC01,2023,361.2552
REGION1,PWRTRNC01,2024,329.2813
REGION1,PWRTRNC01,2025,297.3514
REGION1,PWRTRNC01,2026,264.0779
REGION1,PWRTRNC01,2027,232.2238
REGION1,PWRTRNC01,2028,175.7868
REGION1,PWRTRNC01,2029,138.5294
REGION1,PWRTRNC01,2030,144.3316
REGION1,PWRTRNCS1,2016,288.0364
REGION1,PWRTRNCS1,2017,293.9654
REGION1,PWRTRNCS1,2018,254.4283
REGION1,PWRTRNCS1,2019,148.3078
REGION1,PWRTRNCS1,2020,160.8284
REGION1,PWRTRNCS1,2021,196.7531
REGION1,PWRTRNCS1,2022,232.6088
REGION1,PWRTRNCS1,2023,255.3586
REGION1,PWRTRNCS1,2024,219.0163
REGION1,PWRTRNCS1,2025,182.7238
REGION1,PWRTRNCS1,2026,145.1623
REGION1,PWRTRNCS1,2027,108.9562
REGION1,PWRTRNCS1,2028,49.4023
REGION1,PWRTRNCS1,2029,8.0747
REGION1,PWRTRNCS1,2030,8.4102
REGION1,PWRTRNN01,2016,612.3627
REGION1,PWRTRNN01,2017,639.9
REGION1,PWRTRNN01,2018,609.4973
REGION1,PWRTRNN01,2019,500.7051
REGION1,PWRTRNN01,2020,521.5736
REGION1,PWRTRNN01,2021,598.3704
REGION1,PWRTRNN01,2022,675.0195
REGION1,PWRTRNN01,2023,736.3233
REGION1,PWRTRNN01,2024,728.6518
REGION1,PWRTRNN01,2025,720.9908
REGION1,PWRTRNN01,2026,711.8067
REGION1,PWRTRNN01,2027,704.164
REGION1,PWRTRNN01,2028,669.2537
REGION1,PWRTRNN01,2029,655.5686
REGION1,PWRTRNN01,2030,663.0602
REGION1,PWRTRNNC1,2016,351.3802
REGION1,PWRTRNNC1,2017,358.286
REGION1,PWRTRNNC1,2018,313.101
REGION1,PWRTRNNC1,2019,193.471
REGION1,PWRTRNNC1,2020,186.7328
REGION1,PWRTRNNC1,2021,233.1848
REGION1,PWRTRNNC1,2022,279.5473
REGION1,PWRTRNNC1,2023,311.3769
REGION1,PWRTRNNC1,2024,277.7202
REGION1,PWRTRNNC1,2025,244.1098
REGION1,PWRTRNNC1,2026,209.0851
REGION1,PWRTRNNC1,2027,175.5545
REGION1,PWRTRNNC1,2028,116.1471
REGION1,PWRTRNNC1,2029,76.9288
REGION1,PWRTRNNC1,2030,61.171
REGION1,PWRTRNS01,2016,296.6243
REGION1,PWRTRNS01,2017,321.4149
REGION1,PWRTRNS01,2018,342.4063
REGION1,PWRTRNS01,2019,363.3657
REGION1,PWRTRNS01,2020,397.5692
REGION1,PWRTRNS01,2021,431.6976
REGION1,PWRTRNS01,2022,465.7605
REGION1,PWRTRNS01,2023,499.7654
REGION1,PWRTRNS01,2024,533.7183
REGION1,PWRTRNS01,2025,567.6245
REGION1,PWRTRNS01,2026,601.4888
REGION1,PWRTRNS01,2027,635.3147
REGION1,PWRTRNS01,2028,669.1053
REGION1,PWRTRNS01,2029,702.8637
REGION1,PWRTRNS01,2030,732.3176
REGION1,PWRWNDC01,2019,0.8642
REGION1,PWRWNDC01,2020,0.8642
REGION1,PWRWNDC01,2021,0.8642
REGION1,PWRWNDC01,2022,0.8642
REGION1,PWRWNDC01,2023,0.8642
REGION1,PWRWNDC01,2024,0.8642
REGION1,PWRWNDC01,2025,0.8642
REGION1,PWRWNDC01,2026,0.8642
REGION1,PWRWNDC01,2027,0.8642
REGION1,PWRWNDC01,2028,0.8642
REGION1,PWRWNDC01,2029,0.8642
REGION1,PWRWNDC01,2030,0.8642
REGION1,PWRWNDN01,2016,0.9221
REGION1,PWRWNDN01,2017,0.9221
REGION1,PWRWNDN01,2018,0.9221
REGION1,PWRWNDN01,2019,0.9221
REGION1,PWRWNDN01,2020,0.9221
REGION1,PWRWNDN01,2021,0.9221
REGION1,PWRWNDN01,2022,0.9221
REGION1,PWRWNDN01,2023,0.9221
REGION1,PWRWNDN01,2024,0.9221
REGION1,PWRWNDN01,2025,0.9221
REGION1,PWRWNDN01,2026,0.9221
REGION1,PWRWNDN01,2027,0.9221
REGION1,PWRWNDN01,2028,0.9221
REGION1,PWRWNDN01,2029,0.9221
REGION1,PWRWNDN01,2030,0.9221
REGION1,PWRWNDS01,2018,3.2059
REGION1,PWRWNDS01,2019,4.0707
REGION1,PWRWNDS01,2020,5.0928
REGION1,PWRWNDS01,2021,5.0928
REGION1,PWRWNDS01,2022,5.0928
REGION1,PWRWNDS01,2023,5.0928
REGION1,PWRWNDS01,2024,5.0928
REGION1,PWRWNDS01,2025,5.0928
REGION1,PWRWNDS01,2026,5.0928
REGION1,PWRWNDS01,2027,5.0928
REGION1,PWRWNDS01,2028,5.0928
REGION1,PWRWNDS01,2029,5.0928
REGION1,PWRWNDS01,2030,5.0928
REGION1,RNWBIO,2016,618.8709
REGION1,RNWBIO,2017,666.225
REGION1,RNWBIO,2018,714.7774
REGION1,RNWBIO,2019,759.8694
REGION1,RNWBIO,2020,833.8524
REGION1,RNWBIO,2021,907.8154
REGION1,RNWBIO,2022,981.7574
REGION1,RNWBIO,2023,1055.6844
REGION1,RNWBIO,2024,1129.5964
REGION1,RNWBIO,2025,1203.4934
REGION1,RNWBIO,2026,1277.3774
REGION1,RNWBIO,2027,1351.2484
REGION1,RNWBIO,2028,1424.6229
REGION1,RNWBIO,2029,1498.4719
REGION1,RNWBIO,2030,1563.0779
REGION1,RNWHYD,2016,229.1056
REGION1,RNWHYD,2017,234.5465
REGION1,RNWHYD,2018,240.8814
REGION1,RNWHYD,2019,246.8971
REGION1,RNWHYD,2020,253.8451
REGION1,RNWHYD,2021,253.8451
REGION1,RNWHYD,2022,253.8451
REGION1,RNWHYD,2023,253.8451
REGION1,RNWHYD,2024,253.8451
REGION1,RNWHYD,2025,253.8451
REGION1,RNWHYD,2026,252.3124
REGION1,RNWHYD,2027,252.3124
REGION1,RNWHYD,2028,252.3124
REGION1,RNWHYD,2029,252.3124
REGION1,RNWHYD,2030,252.3124
REGION1,RNWSOL,2019,2.1464
REGION1,RNWSOL,2020,5.0082
REGION1,RNWSOL,2021,5.0082
REGION1,RNWSOL,2022,5.0082
REGION1,RNWSOL,2023,5.0082
REGION1,RNWSOL,2024,5.0082
REGION1,RNWSOL,2025,5.0082
REGION1,RNWSOL,2026,5.0082
REGION1,RNWSOL,2027,5.0082
REGION1,RNWSOL,2028,5.0082
REGION1,RNWSOL,2029,5.0082
REGION1,RNWSOL,2030,5.0082
REGION1,RNWWND,2016,0.9221
REGION1,RNWWND,2017,0.9221
REGION1,RNWWND,2018,4.1281
REGION1,RNWWND,2019,5.8571
REGION1,RNWWND,2020,6.8792
REGION1,RNWWND,2021,6.8792
REGION1,RNWWND,2022,6.8792
REGION1,RNWWND,2023,6.8792
REGION1,RNWWND,2024,6.8792
REGION1,RNWWND,2025,6.8792
REGION1,RNWWND,2026,6.8792
REGION1,RNWWND,2027,6.8792
REGION1,RNWWND,2028,6.8792
REGION1,RNWWND,2029,6.8792
REGION1,RNWWND,2030,6.8792
REGION1,UPSCRU001,2016,357.9
REGION1,UPSCRU001,2017,393.69
REGION1,UPSCRU001,2018,433.059
REGION1,UPSCRU001,2019,476.3649
REGION1,UPSCRU001,2020,524.0014
REGION1,UPSCRU001,2021,576.4015
REGION1,UPSCRU001,2022,634.0417
REGION1,UPSCRU001,2023,697.4458
REGION1,UPSCRU001,2024,767.1904
REGION1,UPSCRU001,2025,843.9095
REGION1,UPSCRU001,2026,926.0
REGION1,UPSCRU001,2027,926.0
REGION1,UPSCRU001,2028,926.0
REGION1,UPSCRU001,2029,926.0
REGION1,UPSCRU001,2030,926.0
